Lenlab red 7.0 Logger-Daten
Zeit;Kanal_1
0;0.0231314
1;0.026952
2;0.0289158
3;0.0300739
4;0.0328245
5;0.0334351
6;0.034354
7;0.0362014
8;0.0375452
9;0.0385775
10;0.0415798
11;0.0436695
12;0.0445004
13;0.0447616
14;0.0473233
15;0.0485476
16;0.0486892
17;0.0500361
18;0.049904
19;0.0527332
20;0.0541274
21;0.0555814
22;0.0570039
23;0.057797
24;0.0587191
25;0.0596066
26;0.0600944
27;0.0610951
28;0.0616994
29;0.0626939
30;0.0653028
31;0.0657497
32;0.0655704
33;0.0676191
34;0.068771
35;0.0696553
36;0.0695672
37;0.0706876
38;0.0712761
39;0.0730102
40;0.0743855
41;0.0745397
42;0.0748984
43;0.0762926
44;0.078483
45;0.0778536
46;0.0771266
47;0.0784704
48;0.0788292
49;0.0797576
50;0.080601
51;0.0824295
52;0.0837796
53;0.083981
54;0.0864138
55;0.0850983
56;0.085029
57;0.0862218
58;0.085564
59;0.087616
60;0.0887112
61;0.0887363
62;0.0897245
63;0.0962454
64;0.0903005
65;0.0968717
66;0.0911659
67;0.0916286
68;0.092044
69;0.0930259
70;0.0945491
71;0.0966514
72;0.0959653
73;0.096516
74;0.0968811
75;0.0975735
76;0.0968937
77;0.0977308
78;0.0982092
79;0.0987001
80;0.100097
81;0.10067
82;0.100041
83;0.101677
84;0.101863
85;0.102571
86;0.101117
87;0.102382
88;0.102766
89;0.104865
90;0.10478
91;0.105344
92;0.10636
93;0.105636
94;0.106367
95;0.106458
96;0.10626
97;0.106851
98;0.106345
99;0.107723
100;0.108648
101;0.109341
102;0.108963
103;0.109394
104;0.109806
105;0.110625
106;0.109517
107;0.109954
108;0.111229
109;0.110231
110;0.11199
111;0.112145
112;0.112743
113;0.113218
114;0.113517
115;0.113586
116;0.112891
117;0.113114
118;0.113687
119;0.111861
120;0.114801
121;0.115185
122;0.115528
123;0.117274
124;0.116469
125;0.121822
126;0.116012
127;0.115496
128;0.116261
129;0.116966
130;0.117725
131;0.117589
132;0.118316
133;0.119012
134;0.118902
135;0.119751
136;0.118055
137;0.118647
138;0.118788
139;0.119499
140;0.120406
141;0.120142
142;0.120692
143;0.121123
144;0.122489
145;0.121555
146;0.120516
147;0.120658
148;0.124966
149;0.120957
150;0.123119
151;0.122738
152;0.123116
153;0.122839
154;0.123034
155;0.123877
156;0.122933
157;0.122782
158;0.122112
159;0.123031
160;0.124201
161;0.124463
162;0.121023
163;0.124815
164;0.124793
165;0.124818
166;0.124406
167;0.124101
168;0.12468
169;0.124198
170;0.125794
171;0.125876
172;0.126647
173;0.125879
174;0.122219
175;0.126206
176;0.125309
177;0.125501
178;0.126234
179;0.124771
180;0.12704
181;0.126083
182;0.127745
183;0.127304
184;0.127207
185;0.12822
186;0.125951
187;0.126121
188;0.12671
189;0.126451
190;0.12794
191;0.128119
192;0.128418
193;0.12902
194;0.128576
195;0.128834
196;0.127437
197;0.134738
198;0.127849
199;0.127924
200;0.127673
201;0.129665
202;0.128856
203;0.129444
204;0.126222
205;0.129482
206;0.128352
207;0.12845
208;0.129136
209;0.128573
210;0.128994
211;0.13009
212;0.130414
213;0.13013
214;0.130577
215;0.130231
216;0.129369
217;0.129526
218;0.129699
219;0.13161
220;0.131169
221;0.131342
222;0.131128
223;0.133677
224;0.131182
225;0.131459
226;0.130272
227;0.130178
228;0.130118
229;0.129904
230;0.131481
231;0.131666
232;0.133951
233;0.132535
234;0.132639
235;0.130832
236;0.13116
237;0.131405
238;0.131251
239;0.131452
240;0.131909
241;0.132047
242;0.132355
243;0.132201
244;0.132485
245;0.13261
246;0.131314
247;0.131736
248;0.131452
249;0.131119
250;0.13273
251;0.132774
252;0.132938
253;0.132699
254;0.131204
255;0.132834
256;0.132513
257;0.133319
258;0.131802
259;0.132765
260;0.133385
261;0.133274
262;0.133249
263;0.133438
264;0.133932
265;0.134392
266;0.132595
267;0.13267
268;0.132418
269;0.132768
270;0.134477
271;0.133583
272;0.133592
273;0.134143
274;0.134225
275;0.134817
276;0.132878
277;0.132252
278;0.132765
279;0.133507
280;0.133747
281;0.134159
282;0.133595
283;0.134445
284;0.133599
285;0.133838
286;0.132302
287;0.132654
288;0.132834
289;0.13324
290;0.134489
291;0.133287
292;0.13402
293;0.134272
294;0.134118
295;0.134439
296;0.133136
297;0.133205
298;0.13329
299;0.134168
300;0.134313
301;0.134451
302;0.13426
303;0.13481
304;0.134322
305;0.134382
306;0.133281
307;0.132806
308;0.133026
309;0.133331
310;0.134735
311;0.130892
312;0.134486
313;0.134788
314;0.134659
315;0.134612
316;0.131559
317;0.13448
318;0.134256
319;0.133696
320;0.134779
321;0.134631
322;0.134401
323;0.131566
324;0.134492
325;0.139723
326;0.133353
327;0.133624
328;0.133517
329;0.133555
330;0.13583
331;0.135128
332;0.129935
333;0.13471
334;0.13448
335;0.134986
336;0.133841
337;0.133721
338;0.133614
339;0.133989
340;0.135097
341;0.135232
342;0.134902
343;0.135204
344;0.134175
345;0.134949
346;0.133249
347;0.13363
348;0.133344
349;0.134077
350;0.135433
351;0.129778
352;0.134477
353;0.134159
354;0.13408
355;0.13437
356;0.133684
357;0.134077
358;0.133847
359;0.133838
360;0.134688
361;0.133702
362;0.13476
363;0.135178
364;0.133451
365;0.134823
366;0.132645
367;0.133904
368;0.1334
369;0.133854
370;0.135201
371;0.135147
372;0.134801
373;0.135902
374;0.134946
375;0.135068
376;0.134017
377;0.133378
378;0.133863
379;0.133816
380;0.135068
381;0.134996
382;0.135248
383;0.135301
384;0.135056
385;0.135424
386;0.133806
387;0.133809
388;0.13323
389;0.134237
390;0.135034
391;0.134665
392;0.134889
393;0.135251
394;0.135525
395;0.135034
396;0.134209
397;0.134322
398;0.13413
399;0.133866
400;0.135194
401;0.135481
402;0.135018
403;0.134996
404;0.137278
405;0.135326
406;0.134171
407;0.139924
408;0.133939
409;0.134634
410;0.13532
411;0.134996
412;0.134228
413;0.134986
414;0.135163
415;0.134738
416;0.133721
417;0.134467
418;0.134392
419;0.134326
420;0.131824
421;0.13509
422;0.134983
423;0.135934
424;0.135012
425;0.135201
426;0.134156
427;0.134253
428;0.133526
429;0.133589
430;0.135817
431;0.135383
432;0.135141
433;0.135188
434;0.136066
435;0.135172
436;0.134536
437;0.133841
438;0.133791
439;0.134253
440;0.134952
441;0.135238
442;0.135213
443;0.131984
444;0.135056
445;0.135481
446;0.13363
447;0.134121
448;0.133463
449;0.135669
450;0.135591
451;0.135093
452;0.134137
453;0.135191
454;0.135326
455;0.136327
456;0.134093
457;0.134181
458;0.132953
459;0.134414
460;0.135141
461;0.134936
462;0.135235
463;0.135748
464;0.135012
465;0.134933
466;0.133828
467;0.134112
468;0.133737
469;0.133662
470;0.135389
471;0.13554
472;0.135257
473;0.134426
474;0.135427
475;0.13516
476;0.134914
477;0.134543
478;0.134197
479;0.133876
480;0.135326
481;0.134728
482;0.135219
483;0.135084
484;0.13527
485;0.133828
486;0.134933
487;0.134096
488;0.133898
489;0.134184
490;0.135352
491;0.135424
492;0.135566
493;0.134486
494;0.135254
495;0.135392
496;0.134489
497;0.134379
498;0.134533
499;0.131695
500;0.135455
501;0.135361
502;0.135481
503;0.135134
504;0.135433
505;0.135758
506;0.135449
507;0.134042
508;0.133734
509;0.133466
510;0.135481
511;0.135317
512;0.136935
513;0.135449
514;0.135364
515;0.13571
516;0.133995
517;0.133756
518;0.133828
519;0.134426
520;0.135172
521;0.135326
522;0.13521
523;0.135273
524;0.135201
525;0.132044
526;0.133835
527;0.133813
528;0.134061
529;0.134275
530;0.135065
531;0.13555
532;0.134857
533;0.135676
534;0.136182
535;0.135846
536;0.133872
537;0.13223
538;0.133942
539;0.134555
540;0.135333
541;0.13544
542;0.135465
543;0.13572
544;0.135201
545;0.135062
546;0.134467
547;0.134477
548;0.134222
549;0.134278
550;0.13532
551;0.135632
552;0.135465
