Lenlab red 7.0 Logger-Daten
Zeit;Kanal_1
0;0.0231314
1;0.026952
2;0.0289158
3;0.0300739
4;0.0328245
5;0.0334351
6;0.034354
7;0.0362014
8;0.0375452
9;0.0385775
10;0.0415798
11;0.0436695
12;0.0445004
13;0.0447616
14;0.0473233
15;0.0485476
16;0.0486892
17;0.0500361
18;0.049904
19;0.0527332
20;0.0541274
21;0.0555814
22;0.0570039
23;0.057797
24;0.0587191
25;0.0596066
26;0.0600944
27;0.0610951
28;0.0616994
29;0.0626939
30;0.0653028
31;0.0657497
32;0.0655704
33;0.0676191
34;0.068771
35;0.0696553
36;0.0695672
37;0.0706876
38;0.0712761
39;0.0730102
40;0.0743855
41;0.0745397
42;0.0748984
43;0.0762926
44;0.078483
45;0.0778536
46;0.0771266
47;0.0784704
48;0.0788292
49;0.0797576
50;0.080601
51;0.0824295
52;0.0837796
53;0.083981
54;0.0864138
55;0.0850983
56;0.085029
57;0.0862218
58;0.085564
59;0.087616
60;0.0887112
61;0.0887363
62;0.0897245
63;0.0962454
64;0.0903005
65;0.0968717
66;0.0911659
67;0.0916286
68;0.092044
69;0.0930259
70;0.0945491
71;0.0966514
72;0.0959653
73;0.096516
74;0.0968811
75;0.0975735
76;0.0968937
77;0.0977308
78;0.0982092
79;0.0987001
80;0.100097
81;0.10067
82;0.100041
83;0.101677
84;0.101863
85;0.102571
86;0.101117
87;0.102382
88;0.102766
89;0.104865
90;0.10478
91;0.105344
92;0.10636
93;0.105636
94;0.106367
95;0.106458
96;0.10626
97;0.106851
98;0.106345
99;0.107723
100;0.108648
101;0.109341
102;0.108963
103;0.109394
104;0.109806
105;0.110625
106;0.109517
107;0.109954
108;0.111229
109;0.110231
110;0.11199
111;0.112145
112;0.112743
113;0.113218
114;0.113517
115;0.113586
116;0.112891
117;0.113114
118;0.113687
119;0.111861
120;0.114801
121;0.115185
122;0.115528
123;0.117274
124;0.116469
125;0.121822
126;0.116012
127;0.115496
128;0.116261
129;0.116966
130;0.117725
131;0.117589
132;0.118316
133;0.119012
134;0.118902
135;0.119751
136;0.118055
137;0.118647
138;0.118788
139;0.119499
140;0.120406
141;0.120142
142;0.120692
143;0.121123
144;0.122489
145;0.121555
146;0.120516
147;0.120658
148;0.124966
149;0.120957
150;0.123119
151;0.122738
152;0.123116
153;0.122839
154;0.123034
155;0.123877
156;0.122933
157;0.122782
158;0.122112
159;0.123031
160;0.124201
161;0.124463
162;0.121023
163;0.124815
164;0.124793
165;0.124818
166;0.124406
167;0.124101
168;0.12468
169;0.124198
170;0.125794
171;0.125876
172;0.126647
173;0.125879
174;0.122219
175;0.126206
176;0.125309
177;0.125501
178;0.126234
179;0.124771
180;0.12704
181;0.126083
182;0.127745
183;0.127304
184;0.127207
185;0.12822
186;0.125951
187;0.126121
188;0.12671
189;0.126451
190;0.12794
191;0.128119
192;0.128418
193;0.12902
194;0.128576
195;0.128834
196;0.127437
197;0.134738
198;0.127849
199;0.127924
200;0.127673
201;0.129665
202;0.128856
203;0.129444
204;0.126222
205;0.129482
206;0.128352
207;0.12845
208;0.129136
209;0.128573
210;0.128994
211;0.13009
212;0.130414
213;0.13013
214;0.130577
215;0.130231
216;0.129369
217;0.129526
218;0.129699
219;0.13161
220;0.131169
221;0.131342
222;0.131128
223;0.133677
224;0.131182
225;0.131459
226;0.130272
227;0.130178
228;0.130118
229;0.129904
230;0.131481
231;0.131666
232;0.133951
233;0.132535
234;0.132639
235;0.130832
236;0.13116
237;0.131405
238;0.131251
239;0.131452
240;0.131909
241;0.132047
242;0.132355
243;0.132201
244;0.132485
245;0.13261
246;0.131314
247;0.131736
248;0.131452
249;0.131119
250;0.13273
251;0.132774
252;0.132938
253;0.132699
254;0.131204
255;0.132834
256;0.132513
257;0.133319
258;0.131802
259;0.132765
260;0.133385
261;0.133274
262;0.133249
263;0.133438
264;0.133932
265;0.134392
266;0.132595
267;0.13267
268;0.132418
269;0.132768
270;0.134477
271;0.133583
272;0.133592
273;0.134143
274;0.134225
275;0.134817
276;0.132878
277;0.132252
278;0.132765
279;0.133507
280;0.133747
281;0.134159
282;0.133595
283;0.134445
284;0.133599
285;0.133838
286;0.132302
287;0.132654
288;0.132834
289;0.13324
290;0.134489
291;0.133287
292;0.13402
293;0.134272
294;0.134118
295;0.134439
296;0.133136
297;0.133205
298;0.13329
299;0.134168
300;0.134313
