Lenlab red 7.0 Logger-Daten
Zeit;Kanal_1
0;0.117567
1;0.114489
2;0.111905
3;0.109504
4;0.108038
5;0.10614
6;0.104097
7;0.102363
8;0.101193
9;0.0989173
10;0.0993673
11;0.0980896
12;0.0968843
13;0.0970794
14;0.0946592
15;0.0926262
16;0.0909677
17;0.0897655
18;0.0886168
19;0.088195
20;0.0869991
21;0.0884625
22;0.0856144
23;0.0842297
24;0.0822721
25;0.0817655
26;0.0802863
27;0.079081
28;0.0779354
29;0.0768654
30;0.0773123
31;0.0775578
32;0.0752604
33;0.0749393
34;0.0740833
35;0.0734287
36;0.071339
37;0.0707033
38;0.0697403
39;0.0688654
40;0.0692053
41;0.067553
42;0.0672383
43;0.0658347
44;0.065542
45;0.0644468
46;0.0628418
47;0.0620645
48;0.0612871
49;0.0601479
50;0.0606923
51;0.0601321
52;0.0585649
53;0.0590527
54;0.0583949
55;0.0579197
56;0.0552037
57;0.0545932
58;0.054653
59;0.0536396
60;0.0548827
61;0.0517482
62;0.0531392
63;0.0519559
64;0.0511345
65;0.056343
66;0.0488686
67;0.0481762
68;0.0471691
69;0.0469268
70;0.0471911
71;0.0469142
72;0.0463918
73;0.0458725
74;0.0488465
75;0.0443745
76;0.0434335
77;0.0429677
78;0.042439
79;0.0421998
80;0.0423635
81;0.0415232
82;0.0414036
83;0.0426624
84;0.0400755
85;0.0397576
86;0.038269
87;0.0375169
88;0.0383949
89;0.0386467
90;0.0372557
91;0.0366577
92;0.0358237
93;0.0356192
94;0.0371015
95;0.0352509
96;0.03369
97;0.0334004
98;0.0340393
99;0.0319276
100;0.033155
101;0.0327144
102;0.0327993
103;0.0316664
104;0.0317734
105;0.0317734
106;0.0289976
107;0.0287773
108;0.0292997
109;0.0280283
110;0.0291046
111;0.0286294
112;0.0286294
113;0.0283493
114;0.0277514
115;0.0274713
116;0.0268072
117;0.025583
118;0.0251801
119;0.0252242
120;0.0258662
121;0.0253123
122;0.0248717
123;0.0249221
124;0.0246263
125;0.024343
126;0.0229174
127;0.0222281
128;0.0229174
129;0.0221211
130;0.0227978
131;0.0229835
132;0.0223981
133;0.0226373
134;0.0219229
135;0.021841
136;0.0206231
137;0.0202675
138;0.0200629
139;0.0194964
140;0.0203399
141;0.020107
142;0.0197671
143;0.0195374
144;0.0186782
145;0.0189898
146;0.0179292
147;0.0174603
148;0.017306
149;0.0183887
150;0.0179449
151;0.01769
152;0.0178946
153;0.0174508
154;0.017775
155;0.0169504
156;0.0163713
157;0.0158584
158;0.0154146
159;0.0152541
160;0.016107
161;0.0151156
162;0.0160724
163;0.0156853
164;0.0154461
165;0.014631
166;0.0136239
167;0.0141809
168;0.0132557
169;0.0126735
170;0.0141337
171;0.0135138
172;0.0138253
173;0.0136082
174;0.0135421
175;0.0130102
176;0.0121857
177;0.0114367
178;0.0124123
179;0.0116475
180;0.0125948
181;0.0121259
182;0.0118773
183;0.0119968
184;0.0117986
185;0.0114492
186;0.0105775
187;0.0103477
188;0.0103855
189;0.00993862
190;0.0111188
191;0.0115562
192;0.0108418
193;0.0112761
194;0.010417
195;0.0110055
196;0.00954523
197;0.0100236
198;0.00948229
199;0.00995436
200;0.00973091
201;0.0101463
202;0.0094697
203;0.00933752
204;0.00971518
205;0.00926199
206;0.00835876
207;0.00819197
208;0.00777655
209;0.00763493
210;0.0084878
211;0.0084815
212;0.0085948
213;0.00883398
214;0.00822344
215;0.00797796
216;0.00748386
217;0.00699291
218;0.00694885
219;0.00687017
220;0.00783005
221;0.00766325
222;0.00754681
223;0.00864515
224;0.00765066
225;0.00795279
226;0.00659323
227;0.00595121
228;0.0060771
229;0.00578127
230;0.00710621
231;0.00696774
232;0.00669079
233;0.00665932
234;0.00693626
235;0.00696144
236;0.00567427
237;0.00516129
238;0.0062376
239;0.00549488
240;0.00597324
241;0.00572147
242;0.00650826
243;0.00619354
244;0.00626593
245;0.00584421
246;0.00535011
247;0.00516129
248;0.00456018
249;0.00463257
250;0.00560188
251;0.00546026
252;0.00663729
253;0.00560818
254;0.00611486
255;0.00535955
256;0.00449409
257;0.004321
258;0.00435877
259;0.00431786
260;0.0050952
261;0.00499763
262;0.00609913
263;0.00496302
264;0.00501966
265;0.00533752
266;0.00494413
267;0.00544767
268;0.0038867
269;0.00349646
270;0.00433044
271;0.00457277
272;0.00479307
273;0.00452871
274;0.00412903
275;0.00565853
276;0.00358143
277;0.00309048
278;0.00321007
279;0.00326357
280;0.00425177
281;0.0039465
282;0.0039937
283;0.00365067
284;0.00381746
285;0.00339575
286;0.00276947
287;0.00291109
288;0.00325098
289;0.00256805
290;0.00382061
291;0.00379858
292;0.0032321
293;0.005583
294;0.00356255
295;0.00344296
296;0.00289221
297;0.00278521
298;0.00256805
299;0.0026782
300;0.00305901
301;0.00342722
302;0.00370417
303;0.00352163
304;0.00335798
305;0.00343981
306;0.00257435
307;0.00233517
308;0.00281982
309;0.00216837
310;0.00298347
311;0.00423603
312;0.00293941
313;0.00318804
314;0.00315027
315;0.00310936
316;0.00253029
317;0.0023572
318;0.00236349
319;0.00204563
320;0.00287962
321;0.00293941
322;0.00406609
323;0.00346184
324;0.0031188
325;0.00241699
326;0.0020834
327;0.00193863
328;0.00215578
329;0.00169001
330;0.0025775
331;0.0024579
332;0.00264359
333;0.00272226
334;0.00274744
335;0.00326986
336;0.00198584
337;0.00254917
338;0.00203304
339;0.00170889
340;0.00247679
341;0.00231943
342;0.00253658
343;0.00255232
344;0.00250196
345;0.00229111
346;0.00356569
347;0.00178127
348;0.00166798
349;0.00167112
350;0.00256491
351;0.0024044
352;0.00221558
353;0.00289536
354;0.00259953
355;0.0029048
356;0.00176239
357;0.001476
358;0.00133753
359;0.00140047
360;0.00265303
361;0.00218096
362;0.00191345
363;0.00247679
364;0.00207396
365;0.00127144
366;0.00156097
367;0.00242014
368;0.00138159
369;0.00195436
370;0.00210857
371;0.00232258
372;0.0021306
373;0.00266876
374;0.00173407
375;0.00211172
376;0.00177813
377;0.00117073
378;0.00163336
379;0.00216522
380;0.00196381
381;0.00193233
382;0.00208025
383;0.00211172
384;0.00183477
385;0.00186625
386;0.00146341
387;0.0012022
388;0.00134382
389;0.0013092
390;0.00203619
391;0.00183163
392;0.00173721
393;0.0018096
394;0.00224075
395;0.00201416
396;0.00151377
397;0.00143509
398;0.00138788
399;0.00115185
400;0.00196066
401;0.00203934
402;0.001583
403;0.00178127
404;0.00181589
405;0.00188828
406;0.00107317
407;0.00106688
408;0.00112667
409;0.00105114
410;0.00540047
411;0.00157671
412;0.00161448
413;0.00342407
414;0.00239496
415;0.00157042
416;0.00112352
417;0.000874901
418;0.00121479
419;0.00112667
420;0.00155783
421;0.00153894
422;0.0015358
423;0.00157671
424;0.00193863
425;0.00155153
426;0.00123682
427;0.00096302
428;0.00108576
429;0.00305271
430;0.00179071
431;0.00538473
432;0.00176239
433;0.00160189
434;0.00226593
435;0.00310621
436;0.00226908
437;0.000726986
438;0.000966167
439;0.000805664
440;0.00171833
441;0.00169945
442;0.001476
443;0.00173407
444;0.00197325
445;0.00661211
446;0.00107632
447;0.00107002
448;0.000981903
449;0.000635719
450;0.00226278
451;0.00178442
452;0.00178757
453;0.00306845
454;0.00168371
455;0.00144138
456;0.00112352
457;0.000928402
458;0.00112352
459;0.000874901
460;0.00156727
461;0.00386467
462;0.0021904
463;0.00150433
464;0.0017498
465;0.00149488
466;0.00193233
467;0.000878048
468;0.000874901
469;0.000783634
470;0.00163336
471;0.00187254
472;0.00145082
473;0.00206451
474;0.00160818
475;0.00155153
476;0.00100079
477;0.0008214
478;0.000969315
479;0.000884342
480;0.00189142
481;0.00137215
482;0.00174665
483;0.00144453
484;0.000887489
485;0.00135641
486;0.00130291
487;0.00136271
488;0.000937843
489;0.00179386
490;0.00173092
491;0.00548229
492;0.0017561
493;0.00139732
494;0.0014823
495;0.00153894
496;0.000956726
497;0.000749016
498;0.000950432
499;0.000629425
500;0.00569
501;0.00138474
502;0.00113297
503;0.00140362
504;0.00152006
505;0.00598898
506;0.00073328
507;0.000890636
508;0.000783634
509;0.00192604
510;0.00157986
511;0.00135641
512;0.00151691
513;0.00143509
514;0.00187254
515;0.00237608
516;0.000780487
517;0.00114555
518;0.000988197
519;0.000915813
520;0.00166483
521;0.00134382
522;0.00132809
523;0.00137215
524;0.00137529
525;0.00162706
526;0.000922108
527;0.000742722
528;0.00107946
529;0.000664043
530;0.00189142
531;0.00166483
532;0.001583
533;0.00137215
534;0.00142879
535;0.00136585
536;0.000852871
537;0.000670338
538;0.000786781
539;0.000793076
540;0.00141306
541;0.00136585
542;0.001262
543;0.00164595
544;0.00154839
545;0.00234776
546;0.000840282
547;0.00192919
