Lenlab red 7.0 Logger-Daten
Zeit;Kanal_1
0;0.62873
1;0.627247
2;0.628094
3;0.627553
4;0.631213
5;0.629479
6;0.629699
7;0.629809
8;0.627505
9;0.627238
10;0.62777
11;0.627159
12;0.626291
13;0.628745
14;0.629793
15;0.628959
16;0.629438
17;0.630725
18;0.629066
19;0.630133
20;0.630083
21;0.629737
22;0.628572
23;0.627641
24;0.627474
25;0.627316
26;0.627464
27;0.629472
28;0.629913
29;0.628742
30;0.628918
31;0.629497
32;0.62877
33;0.626967
34;0.628264
35;0.626851
36;0.629746
37;0.629925
38;0.629022
39;0.630184
40;0.629315
41;0.628295
42;0.627697
43;0.62771
44;0.628352
45;0.628015
46;0.628654
47;0.629211
48;0.62827
49;0.62787
50;0.628286
51;0.628481
52;0.627282
53;0.627833
54;0.626914
55;0.626813
56;0.628179
57;0.628865
58;0.627726
59;0.627968
60;0.627921
61;0.626866
62;0.626722
63;0.624975
64;0.626184
65;0.626476
66;0.627024
67;0.627439
68;0.627442
69;0.627634
70;0.62754
71;0.626781
72;0.626212
73;0.626999
74;0.628805
75;0.626023
76;0.627455
77;0.627238
78;0.62686
79;0.627578
80;0.62715
81;0.625793
82;0.625998
83;0.625545
84;0.625372
85;0.625497
86;0.625787
87;0.624906
88;0.624808
89;0.625737
90;0.626602
91;0.626353
92;0.625095
93;0.624899
94;0.624893
95;0.624909
96;0.624626
97;0.625623
98;0.625346
99;0.626335
100;0.62535
101;0.623889
102;0.627046
103;0.624437
104;0.624106
105;0.62365
106;0.624531
107;0.625479
108;0.623694
109;0.624251
110;0.624591
111;0.62377
112;0.62292
113;0.623354
114;0.623172
115;0.625331
116;0.623631
117;0.622325
118;0.624427
119;0.624182
120;0.623883
121;0.622671
122;0.622706
123;0.62297
124;0.621586
125;0.622278
126;0.622659
127;0.622555
128;0.623115
129;0.622926
130;0.623165
131;0.623096
132;0.620283
133;0.619924
134;0.621488
135;0.620896
136;0.621856
137;0.621869
138;0.621079
139;0.621501
140;0.62129
141;0.621444
142;0.620654
143;0.620254
144;0.620204
145;0.620204
146;0.620808
147;0.621003
148;0.620667
149;0.620232
150;0.620547
151;0.619197
152;0.619773
153;0.621154
154;0.620132
155;0.619279
156;0.620409
157;0.620195
158;0.619401
159;0.620003
160;0.619914
161;0.619118
162;0.618083
163;0.617542
164;0.618835
165;0.618404
166;0.617752
167;0.61881
168;0.618558
169;0.619008
170;0.618678
171;0.619688
172;0.618303
173;0.618092
174;0.618045
175;0.617233
176;0.61825
177;0.618426
178;0.616906
179;0.618681
180;0.618596
181;0.617875
182;0.617293
183;0.616235
184;0.617523
185;0.617337
186;0.617759
187;0.618139
188;0.617737
189;0.618322
190;0.618007
191;0.616585
192;0.617158
193;0.617705
194;0.618331
195;0.616361
196;0.617183
197;0.617205
198;0.616988
199;0.618117
200;0.617696
201;0.617353
202;0.615962
203;0.615593
204;0.615631
205;0.61588
206;0.615839
207;0.616409
208;0.616418
209;0.615512
210;0.616865
211;0.616478
212;0.616859
213;0.615414
214;0.615096
215;0.617963
216;0.616034
217;0.616641
218;0.614215
219;0.615965
220;0.615603
221;0.616226
222;0.615014
223;0.614826
224;0.614794
225;0.614467
226;0.615455
227;0.615257
228;0.61571
229;0.614026
230;0.614678
231;0.613806
232;0.613485
233;0.613705
234;0.613227
235;0.613649
236;0.6148
237;0.61401
238;0.614278
239;0.613925
240;0.613982
241;0.613343
242;0.612487
243;0.612399
244;0.612723
245;0.613136
246;0.614077
247;0.613919
248;0.612456
249;0.613649
250;0.612387
251;0.613372
252;0.61177
253;0.614077
254;0.612201
255;0.611455
256;0.612654
257;0.613082
258;0.610177
259;0.612903
260;0.613863
261;0.612877
262;0.611213
263;0.611722
264;0.611096
265;0.611272
266;0.612405
267;0.612478
268;0.611332
269;0.611943
270;0.611153
271;0.612257
272;0.610678
273;0.610665
274;0.610473
275;0.610438
276;0.610539
277;0.611757
278;0.61069
279;0.612059
280;0.611417
281;0.610706
282;0.610061
283;0.608893
284;0.609995
285;0.609696
286;0.610064
287;0.610728
288;0.610637
289;0.610879
290;0.609947
291;0.610165
292;0.609217
293;0.609529
294;0.611732
295;0.610234
296;0.610401
297;0.609938
298;0.609774
299;0.609925
300;0.609803
301;0.610574
302;0.609491
303;0.60945
304;0.608195
305;0.608484
306;0.608538
307;0.609293
308;0.608708
309;0.608264
310;0.609246
311;0.608591
312;0.607298
313;0.606338
314;0.607131
315;0.606448
316;0.608182
317;0.608607
318;0.607899
319;0.608358
320;0.607553
321;0.607175
322;0.605189
323;0.606127
324;0.606973
325;0.606697
326;0.607565
327;0.609548
328;0.607666
329;0.60703
330;0.607361
331;0.607486
332;0.605409
333;0.606331
334;0.605457
335;0.605608
336;0.606511
337;0.607027
338;0.606826
339;0.606505
340;0.607266
341;0.609384
342;0.607823
343;0.606561
344;0.605186
345;0.605274
346;0.606338
347;0.606511
348;0.605114
349;0.606077
350;0.605265
351;0.604877
352;0.603439
353;0.603571
354;0.603606
355;0.603005
356;0.604761
357;0.60427
358;0.603276
359;0.602083
360;0.603565
361;0.603672
362;0.602114
363;0.601743
364;0.603801
365;0.602741
366;0.602162
367;0.603058
368;0.602341
369;0.602747
370;0.602863
371;0.603209
372;0.601441
373;0.600918
374;0.601305
375;0.601359
376;0.602769
377;0.603858
378;0.602807
379;0.604906
380;0.602813
381;0.602505
382;0.601123
383;0.60135
384;0.600572
385;0.600884
386;0.60308
387;0.601837
388;0.602095
389;0.602612
390;0.600692
391;0.600944
392;0.602269
393;0.599537
394;0.59982
395;0.599102
396;0.600333
397;0.600248
398;0.600711
399;0.600723
400;0.600188
401;0.600676
402;0.597847
403;0.598907
404;0.59949
405;0.599109
406;0.599175
407;0.599918
408;0.599052
409;0.599461
410;0.599726
411;0.599339
412;0.595521
413;0.597057
414;0.598215
415;0.597154
416;0.598407
417;0.599134
418;0.598687
419;0.598495
420;0.598023
421;0.597828
422;0.597095
423;0.596623
424;0.596415
425;0.596717
426;0.597403
427;0.597265
428;0.596752
429;0.596912
430;0.598577
431;0.596855
432;0.596292
433;0.597139
434;0.596056
435;0.595203
436;0.597029
437;0.597022
438;0.596235
439;0.596204
440;0.595439
441;0.594586
442;0.59503
443;0.596689
444;0.594464
445;0.594715
446;0.594851
447;0.59436
448;0.595103
449;0.595115
450;0.594388
451;0.594508
452;0.593164
453;0.593145
454;0.593007
455;0.592966
456;0.593966
457;0.593944
458;0.591531
459;0.593557
460;0.588349
461;0.593114
462;0.591603
463;0.591886
464;0.591537
465;0.5912
466;0.591902
467;0.592018
468;0.591323
469;0.592396
470;0.591946
471;0.592317
472;0.589271
473;0.590778
474;0.590206
475;0.592248
476;0.590656
477;0.590973
478;0.590885
479;0.590964
480;0.590775
481;0.590744
482;0.586394
483;0.589542
484;0.589114
485;0.58889
486;0.589378
487;0.589828
488;0.589652
489;0.589617
490;0.589771
491;0.589859
492;0.588075
493;0.587631
494;0.58822
495;0.586885
496;0.588254
497;0.588815
498;0.588755
499;0.588264
500;0.588075
501;0.588802
502;0.586986
503;0.586275
504;0.58709
505;0.586325
506;0.586942
507;0.587464
508;0.586643
509;0.586835
510;0.58703
511;0.586004
512;0.585126
513;0.587789
514;0.585881
515;0.585447
516;0.586404
517;0.586649
518;0.587103
519;0.587392
520;0.586659
521;0.587795
522;0.585878
523;0.585532
524;0.585375
525;0.585258
526;0.586586
527;0.587811
528;0.586961
529;0.586133
530;0.585822
531;0.585774
532;0.585573
533;0.585
534;0.585287
535;0.586291
536;0.587058
537;0.586782
538;0.586627
539;0.587147
540;0.587169
541;0.586404
542;0.583977
543;0.584494
544;0.585343
545;0.584984
546;0.585158
547;0.585198
548;0.58478
549;0.584651
550;0.585324
551;0.585482
552;0.585268
553;0.584132
554;0.584663
555;0.585221
556;0.585497
557;0.580997
558;0.586457
559;0.585658
560;0.584641
561;0.584944
562;0.583732
563;0.581114
564;0.583502
565;0.583077
566;0.583864
567;0.584154
568;0.584912
569;0.582596
570;0.582662
571;0.583238
572;0.581073
573;0.581633
574;0.581734
575;0.581403
576;0.582372
577;0.581573
578;0.582048
579;0.582218
580;0.581513
581;0.580276
582;0.581022
583;0.580418
584;0.580151
585;0.580147
586;0.579981
587;0.580195
588;0.582407
589;0.579244
590;0.57959
591;0.580399
592;0.578652
593;0.578549
594;0.578561
595;0.578574
596;0.578262
597;0.577623
598;0.579269
599;0.578473
600;0.578048
601;0.577617
602;0.577425
603;0.576846
604;0.576896
605;0.579232
606;0.577299
607;0.576843
608;0.576261
609;0.576748
610;0.576896
611;0.576811
612;0.575804
613;0.575364
614;0.574253
615;0.574646
616;0.574964
617;0.575055
618;0.574681
619;0.574413
620;0.574464
621;0.574501
622;0.57328
623;0.572893
624;0.573655
625;0.572459
626;0.573784
627;0.573249
628;0.573397
629;0.572673
630;0.574495
631;0.573375
632;0.573016
633;0.572091
634;0.572726
635;0.572182
636;0.572431
637;0.572544
638;0.572563
639;0.574032
640;0.573932
641;0.572424
642;0.570536
643;0.573199
644;0.570253
645;0.570483
646;0.571317
647;0.572072
648;0.571197
649;0.571291
650;0.572122
651;0.571147
652;0.569466
653;0.568733
654;0.569957
655;0.567776
656;0.568478
657;0.569869
658;0.569416
659;0.568994
660;0.56805
661;0.56878
662;0.569136
663;0.568849
664;0.567908
665;0.567008
666;0.567087
667;0.566549
668;0.565711
669;0.567052
670;0.566196
671;0.566442
672;0.565167
673;0.563455
674;0.563238
675;0.563247
676;0.564868
677;0.564893
678;0.562646
679;0.564557
680;0.563971
681;0.56038
682;0.561834
683;0.561274
684;0.561759
685;0.562322
686;0.563411
687;0.56365
688;0.562571
689;0.561482
690;0.562451
691;0.562366
692;0.560708
693;0.560525
694;0.56027
695;0.560066
696;0.560566
697;0.560931
698;0.560267
699;0.560802
700;0.560645
701;0.559616
702;0.558731
703;0.557932
704;0.558514
705;0.55785
706;0.557608
707;0.56112
708;0.558117
709;0.557891
710;0.55836
711;0.55763
712;0.556387
713;0.556944
714;0.556903
715;0.556557
716;0.556176
717;0.557104
718;0.557236
719;0.557929
720;0.556704
721;0.556764
722;0.555093
723;0.554996
724;0.557277
725;0.555464
726;0.556365
727;0.555644
728;0.555188
729;0.554675
730;0.554829
731;0.555965
732;0.553992
733;0.552569
734;0.556015
735;0.552459
736;0.554659
737;0.554133
738;0.554372
739;0.554209
740;0.553507
741;0.552972
742;0.551807
743;0.550221
744;0.550948
745;0.550955
746;0.551458
747;0.551414
748;0.550489
749;0.54996
750;0.55035
751;0.549712
752;0.549702
753;0.548922
754;0.549387
755;0.549051
756;0.550385
757;0.549954
758;0.549249
759;0.549652
760;0.549346
761;0.548686
762;0.54721
763;0.550029
764;0.547354
765;0.546486
766;0.548396
767;0.548641
768;0.546527
769;0.549192
770;0.54749
771;0.548226
772;0.547376
773;0.54945
774;0.549948
775;0.548289
776;0.549003
777;0.547899
778;0.546715
779;0.547735
780;0.547965
781;0.548415
782;0.546048
783;0.545189
784;0.546262
785;0.546089
786;0.545765
787;0.548122
788;0.546612
789;0.546492
790;0.545926
791;0.546517
792;0.545623
793;0.544383
794;0.542876
795;0.54399
796;0.543455
797;0.543361
798;0.543795
799;0.543826
800;0.544415
801;0.542281
802;0.540597
803;0.541173
804;0.542492
805;0.540799
806;0.542171
807;0.541428
808;0.540994
809;0.543329
810;0.542218
811;0.541265
812;0.539779
813;0.539603
814;0.539329
815;0.539147
816;0.540585
817;0.541142
818;0.539669
819;0.540009
820;0.539779
821;0.539918
822;0.538533
823;0.537834
824;0.537859
825;0.536934
826;0.537324
827;0.537444
828;0.536654
829;0.537312
830;0.537271
831;0.53678
832;0.534624
833;0.535339
834;0.535833
835;0.536182
836;0.536302
837;0.536723
838;0.535156
839;0.535751
840;0.535981
841;0.534511
842;0.533954
843;0.53385
844;0.534923
845;0.532579
846;0.533948
847;0.533891
848;0.533469
849;0.534819
850;0.533296
851;0.532062
852;0.531295
853;0.531175
854;0.531405
855;0.531065
856;0.532283
857;0.531981
858;0.532402
859;0.53114
860;0.532028
861;0.530895
862;0.529985
863;0.526737
864;0.529025
865;0.52934
866;0.531021
867;0.529891
868;0.529567
869;0.528619
870;0.529784
871;0.528607
872;0.527219
873;0.526948
874;0.528365
875;0.528745
876;0.527707
877;0.527905
878;0.526212
879;0.527197
880;0.526561
881;0.523616
882;0.525019
883;0.52506
884;0.524956
885;0.523254
886;0.525324
887;0.525513
888;0.525145
889;0.525095
890;0.525007
891;0.527266
892;0.524648
893;0.522763
894;0.521195
895;0.52506
896;0.523704
897;0.519634
898;0.522542
899;0.522341
900;0.522725
901;0.522073
902;0.521611
903;0.522785
904;0.519411
905;0.520978
906;0.520874
907;0.520711
908;0.519672
909;0.52038
910;0.51983
911;0.520072
912;0.518501
913;0.518706
914;0.518649
915;0.518294
916;0.518945
917;0.518885
918;0.518533
919;0.51852
920;0.518983
921;0.51746
922;0.516833
923;0.514863
924;0.517853
925;0.515386
926;0.516849
927;0.516616
928;0.515965
929;0.51644
930;0.518631
931;0.516308
932;0.514911
933;0.517274
934;0.513938
935;0.514439
936;0.515131
937;0.515515
938;0.514656
939;0.514476
940;0.513435
941;0.513693
942;0.513063
943;0.511754
944;0.512616
945;0.511855
946;0.513287
947;0.51266
948;0.512094
949;0.512692
950;0.512409
951;0.512176
952;0.511106
953;0.510725
954;0.510162
955;0.510073
956;0.509966
957;0.510382
958;0.510042
959;0.509586
960;0.509784
961;0.509331
962;0.508324
963;0.508553
964;0.507848
965;0.507864
966;0.508151
967;0.507436
968;0.508251
969;0.507981
970;0.506907
971;0.507487
972;0.506454
973;0.50557
974;0.505696
975;0.507188
976;0.506432
977;0.506577
978;0.505951
979;0.506136
980;0.505724
981;0.504947
982;0.504557
983;0.504399
984;0.503738
985;0.50427
986;0.504346
987;0.502464
988;0.503842
989;0.503527
990;0.503263
991;0.502816
992;0.502055
993;0.501844
994;0.501957
995;0.500673
996;0.501749
997;0.502325
998;0.501302
999;0.501479
1000;0.500557
1001;0.502423
1002;0.498813
1003;0.498977
1004;0.499276
1005;0.49875
1006;0.500062
1007;0.499808
1008;0.500009
1009;0.498501
1010;0.499027
1011;0.499663
1012;0.49773
1013;0.497334
1014;0.49662
1015;0.495763
1016;0.498083
1017;0.497114
1018;0.496749
1019;0.493866
1020;0.496513
1021;0.496459
1022;0.495584
1023;0.495317
1024;0.495093
1025;0.49442
1026;0.495656
1027;0.494882
1028;0.494788
1029;0.494791
1030;0.494206
1031;0.494319
1032;0.493236
1033;0.492582
1034;0.493454
1035;0.492745
1036;0.493353
1037;0.493132
1038;0.493054
1039;0.494621
1040;0.493479
1041;0.493583
1042;0.492786
1043;0.490653
1044;0.491436
1045;0.489561
1046;0.490977
1047;0.490612
1048;0.490791
1049;0.488733
1050;0.490291
1051;0.489501
1052;0.489195
1053;0.490851
1054;0.48935
1055;0.492745
1056;0.490121
1057;0.488638
1058;0.488988
1059;0.489831
1060;0.48924
1061;0.488535
1062;0.488179
1063;0.488339
1064;0.48783
1065;0.487534
1066;0.487496
1067;0.4876
1068;0.486527
1069;0.487288
1070;0.487389
1071;0.487247
1072;0.487304
1073;0.488059
1074;0.484151
1075;0.485601
1076;0.487219
1077;0.48783
1078;0.486876
1079;0.485598
1080;0.486413
1081;0.481724
1082;0.484528
1083;0.484185
1084;0.484085
1085;0.48405
1086;0.483175
1087;0.485104
1088;0.485655
1089;0.483326
1090;0.482203
1091;0.48399
1092;0.481718
1093;0.481353
1094;0.483565
1095;0.481274
1096;0.47938
1097;0.482719
1098;0.482989
1099;0.48124
1100;0.480815
1101;0.481897
1102;0.478335
1103;0.479405
1104;0.479883
1105;0.479266
1106;0.479943
1107;0.479688
1108;0.478678
1109;0.479477
1110;0.479433
1111;0.478668
1112;0.477189
1113;0.479468
1114;0.476767
1115;0.477542
1116;0.477661
1117;0.478133
1118;0.474653
1119;0.477312
1120;0.476723
1121;0.477356
1122;0.475609
1123;0.475619
1124;0.475118
1125;0.475291
1126;0.475978
1127;0.476116
1128;0.475921
1129;0.474914
1130;0.475172
1131;0.475455
1132;0.474114
1133;0.473781
1134;0.472969
1135;0.472821
1136;0.473293
1137;0.472978
1138;0.472188
1139;0.469595
1140;0.472358
1141;0.473416
1142;0.470083
1143;0.471106
1144;0.471911
1145;0.470659
1146;0.471776
1147;0.472339
1148;0.471059
1149;0.471021
1150;0.469998
1151;0.47041
1152;0.469535
1153;0.46963
1154;0.46917
1155;0.466794
1156;0.469494
1157;0.469217
1158;0.46991
1159;0.470782
1160;0.469834
1161;0.469158
1162;0.467096
1163;0.468094
1164;0.467405
1165;0.46686
1166;0.467487
1167;0.468613
1168;0.467852
1169;0.468242
1170;0.467509
1171;0.467282
1172;0.467408
1173;0.466599
1174;0.466225
1175;0.465208
1176;0.465834
1177;0.466247
1178;0.465831
1179;0.466096
1180;0.465605
1181;0.46585
1182;0.465026
1183;0.467348
1184;0.464966
1185;0.464
1186;0.464727
1187;0.464808
1188;0.46348
1189;0.463729
1190;0.463358
1191;0.463707
1192;0.462668
1193;0.462495
1194;0.461784
1195;0.462269
1196;0.464195
1197;0.460711
1198;0.462741
1199;0.462583
1200;0.463452
1201;0.462187
1202;0.461605
1203;0.457759
1204;0.46073
1205;0.460361
1206;0.460519
1207;0.460708
1208;0.460941
1209;0.4601
1210;0.459499
1211;0.460487
1212;0.45875
1213;0.459235
1214;0.459166
1215;0.458423
1216;0.454876
1217;0.459298
1218;0.459166
1219;0.458974
1220;0.458621
1221;0.459729
1222;0.455458
1223;0.457922
1224;0.457227
1225;0.456827
1226;0.457158
1227;0.458684
1228;0.45876
1229;0.457815
1230;0.456959
1231;0.457825
1232;0.456544
1233;0.456273
1234;0.456393
1235;0.457177
1236;0.457649
1237;0.457205
1238;0.458281
1239;0.457375
1240;0.45661
1241;0.458901
1242;0.455389
1243;0.455808
1244;0.456305
1245;0.456874
1246;0.456056
1247;0.456163
1248;0.457494
1249;0.455483
1250;0.454196
1251;0.452025
1252;0.452727
1253;0.450439
1254;0.453564
1255;0.452742
1256;0.453337
1257;0.453092
1258;0.453567
1259;0.457183
1260;0.456645
1261;0.457032
1262;0.453661
1263;0.451742
1264;0.451839
1265;0.451946
1266;0.451257
1267;0.452418
1268;0.450904
1269;0.451738
1270;0.450684
1271;0.450498
1272;0.450322
1273;0.45476
1274;0.450646
1275;0.45098
1276;0.451443
1277;0.450992
1278;0.449916
1279;0.450269
1280;0.449494
1281;0.449872
1282;0.447864
1283;0.448528
1284;0.448264
1285;0.449309
1286;0.449211
1287;0.44918
1288;0.448575
1289;0.449425
1290;0.449441
1291;0.448676
1292;0.447351
1293;0.450467
1294;0.446933
1295;0.447512
1296;0.447351
1297;0.446476
1298;0.447572
1299;0.447373
1300;0.448103
1301;0.449715
1302;0.44648
1303;0.446319
1304;0.447178
1305;0.444585
1306;0.445938
1307;0.445907
1308;0.446174
1309;0.446999
1310;0.4449
1311;0.445038
1312;0.444509
1313;0.447222
1314;0.445771
1315;0.445576
1316;0.445387
1317;0.444997
1318;0.444418
1319;0.444563
1320;0.443974
1321;0.445164
1322;0.442621
1323;0.443647
1324;0.443241
1325;0.4436
1326;0.444972
1327;0.447106
1328;0.443861
1329;0.444705
1330;0.443924
1331;0.443531
1332;0.442983
1333;0.442882
1334;0.441347
1335;0.44196
1336;0.442621
1337;0.442451
1338;0.443037
1339;0.442678
1340;0.442209
1341;0.442703
1342;0.438782
1343;0.439455
1344;0.439251
1345;0.439537
1346;0.440764
1347;0.439861
1348;0.441164
1349;0.441268
1350;0.439908
1351;0.43977
1352;0.43824
1353;0.437343
1354;0.439833
1355;0.440283
1356;0.439118
1357;0.441271
1358;0.440749
1359;0.437306
1360;0.439493
1361;0.434549
1362;0.437693
1363;0.437186
1364;0.436576
1365;0.436695
1366;0.438023
1367;0.437677
1368;0.437328
1369;0.436566
1370;0.437284
1371;0.437812
1372;0.437454
1373;0.437542
1374;0.437048
1375;0.437205
1376;0.438832
1377;0.439203
1378;0.437356
1379;0.436934
1380;0.434457
1381;0.436588
1382;0.435811
1383;0.435679
1384;0.435427
1385;0.434627
1386;0.435915
1387;0.435402
1388;0.434457
1389;0.437038
1390;0.433708
1391;0.435568
1392;0.434171
1393;0.434423
1394;0.433926
1395;0.435112
1396;0.433734
1397;0.430165
1398;0.433608
1399;0.435077
1400;0.432755
1401;0.433274
1402;0.432541
1403;0.432374
1404;0.434052
1405;0.432406
1406;0.432834
1407;0.433498
1408;0.434429
1409;0.434366
1410;0.43222
1411;0.432402
1412;0.430794
1413;0.43148
1414;0.431505
1415;0.431789
1416;0.431421
1417;0.433073
1418;0.431921
1419;0.432192
1420;0.432305
1421;0.431612
1422;0.430316
1423;0.429686
1424;0.428897
1425;0.430225
1426;0.430816
1427;0.431159
1428;0.430162
1429;0.430527
1430;0.430483
1431;0.43048
1432;0.427502
1433;0.426923
1434;0.427978
1435;0.426105
1436;0.428616
1437;0.426413
1438;0.427751
1439;0.428041
1440;0.427383
1441;0.427424
1442;0.425454
1443;0.427751
1444;0.427421
1445;0.426668
1446;0.427291
1447;0.427572
1448;0.427144
1449;0.427222
1450;0.426391
1451;0.427071
1452;0.425708
1453;0.424827
1454;0.425529
1455;0.426001
1456;0.424947
1457;0.421236
1458;0.424824
1459;0.425066
1460;0.424544
1461;0.423889
1462;0.423238
1463;0.422495
1464;0.422086
1465;0.421982
1466;0.423537
1467;0.423685
1468;0.424292
1469;0.424446
1470;0.425054
1471;0.422458
1472;0.422256
1473;0.42264
1474;0.420774
1475;0.421038
1476;0.422816
1477;0.423587
1478;0.421579
1479;0.421438
1480;0.421708
1481;0.422026
1482;0.42044
1483;0.421321
1484;0.42146
1485;0.421205
1486;0.421583
1487;0.42202
1488;0.420525
1489;0.421567
1490;0.419845
1491;0.41955
1492;0.419996
1493;0.419411
1494;0.419257
1495;0.418382
1496;0.417343
1497;0.419578
1498;0.417255
1499;0.418064
1500;0.418064
1501;0.418646
1502;0.417614
1503;0.417513
1504;0.417702
1505;0.418649
1506;0.419672
1507;0.41836
1508;0.416484
1509;0.418033
1510;0.41814
1511;0.419037
1512;0.416494
1513;0.416078
1514;0.417268
1515;0.415408
1516;0.41679
1517;0.417331
1518;0.416374
1519;0.416462
1520;0.416056
1521;0.415934
1522;0.415934
1523;0.415276
1524;0.415241
1525;0.414618
1526;0.416059
1527;0.416151
1528;0.41503
1529;0.416934
1530;0.415729
1531;0.414297
1532;0.413362
1533;0.415823
1534;0.414395
1535;0.415559
1536;0.414753
1537;0.413334
1538;0.414026
1539;0.414892
1540;0.414423
1541;0.41475
1542;0.413642
1543;0.412651
1544;0.41262
1545;0.411959
1546;0.413315
1547;0.41176
1548;0.412626
1549;0.412192
1550;0.412963
1551;0.411751
1552;0.412541
1553;0.41341
1554;0.412314
1555;0.412824
1556;0.413652
1557;0.412629
1558;0.413586
1559;0.41228
1560;0.412497
1561;0.412418
1562;0.411115
1563;0.411002
1564;0.411496
1565;0.410728
1566;0.410961
1567;0.411697
1568;0.411543
1569;0.412563
1570;0.411893
1571;0.410483
1572;0.411408
1573;0.410152
1574;0.410458
1575;0.410288
1576;0.411112
1577;0.411597
1578;0.409756
1579;0.408764
1580;0.410797
1581;0.409809
1582;0.410256
1583;0.41114
1584;0.408148
1585;0.407707
1586;0.408598
1587;0.407908
1588;0.408245
1589;0.407817
1590;0.408204
1591;0.408607
1592;0.406898
1593;0.407383
1594;0.407446
1595;0.408226
1596;0.409683
1597;0.404919
1598;0.407288
1599;0.408242
1600;0.407738
1601;0.407531
1602;0.407345
1603;0.406426
1604;0.406335
1605;0.406794
1606;0.406546
1607;0.410017
1608;0.406816
1609;0.405948
1610;0.406319
1611;0.406514
1612;0.405098
1613;0.405183
1614;0.405737
1615;0.40483
1616;0.406281
1617;0.406306
1618;0.406045
1619;0.405715
1620;0.404875
1621;0.405658
1622;0.404182
1623;0.403653
1624;0.404085
1625;0.403934
1626;0.404852
1627;0.404686
1628;0.404547
1629;0.40394
1630;0.404012
1631;0.40281
1632;0.402659
1633;0.403354
1634;0.403137
1635;0.402719
1636;0.404151
1637;0.402879
1638;0.403786
1639;0.403449
1640;0.403465
1641;0.402483
1642;0.40083
1643;0.401469
1644;0.401749
1645;0.400626
1646;0.401661
1647;0.40281
1648;0.401756
1649;0.402058
1650;0.401746
1651;0.402757
1652;0.401844
1653;0.402259
1654;0.398262
1655;0.401567
1656;0.40252
1657;0.3991
1658;0.401092
1659;0.40145
1660;0.402099
1661;0.400497
1662;0.400472
1663;0.400897
1664;0.400679
1665;0.399166
1666;0.398684
1667;0.399411
1668;0.399439
1669;0.399144
1670;0.399446
1671;0.40072
1672;0.398206
1673;0.398077
1674;0.400166
1675;0.399968
1676;0.399156
1677;0.395987
1678;0.399103
1679;0.399543
1680;0.398429
1681;0.397907
1682;0.397989
1683;0.398215
1684;0.397107
1685;0.397932
1686;0.397718
1687;0.398694
1688;0.401658
1689;0.397822
1690;0.397557
1691;0.397416
1692;0.396686
1693;0.39678
1694;0.396166
1695;0.395742
1696;0.395537
1697;0.397277
1698;0.397007
1699;0.397183
1700;0.397287
1701;0.397548
1702;0.39452
1703;0.395609
1704;0.395317
1705;0.395716
1706;0.396632
1707;0.397753
1708;0.395534
1709;0.396154
1710;0.395528
1711;0.395902
1712;0.393551
1713;0.392141
1714;0.394102
1715;0.393897
1716;0.39521
1717;0.395811
1718;0.395663
1719;0.396163
1720;0.395122
1721;0.392582
1722;0.393019
1723;0.392884
1724;0.39261
1725;0.392289
1726;0.392456
1727;0.393589
1728;0.392953
1729;0.393674
1730;0.392928
1731;0.392506
1732;0.38996
1733;0.39086
1734;0.391301
1735;0.391619
1736;0.391889
1737;0.391096
1738;0.391776
1739;0.392176
1740;0.391685
1741;0.392258
1742;0.391251
1743;0.391477
1744;0.391122
1745;0.389586
1746;0.391849
1747;0.391468
1748;0.390712
1749;0.39137
1750;0.390385
1751;0.391002
1752;0.389428
1753;0.389699
1754;0.391172
1755;0.390351
1756;0.389488
1757;0.389746
1758;0.390111
1759;0.38997
1760;0.389394
1761;0.389435
1762;0.390055
1763;0.388541
1764;0.387159
1765;0.387723
1766;0.388944
1767;0.388072
1768;0.388598
1769;0.388698
1770;0.387993
1771;0.387701
1772;0.387518
1773;0.387207
1774;0.386807
1775;0.389718
1776;0.387773
1777;0.387439
1778;0.387959
1779;0.387647
1780;0.38793
1781;0.387285
1782;0.386187
1783;0.385507
1784;0.385863
1785;0.386917
1786;0.386225
1787;0.386904
1788;0.386665
1789;0.389432
1790;0.386385
1791;0.386291
1792;0.385325
1793;0.38563
1794;0.386448
1795;0.385136
1796;0.385727
1797;0.387373
1798;0.385759
1799;0.386338
1800;0.38659
1801;0.386369
1802;0.385513
1803;0.385123
1804;0.38411
1805;0.382048
1806;0.385177
1807;0.386543
1808;0.385255
1809;0.386417
1810;0.384554
1811;0.385941
1812;0.38354
1813;0.383578
1814;0.384799
1815;0.383704
1816;0.384912
1817;0.385067
1818;0.384591
1819;0.382225
1820;0.385347
1821;0.383754
1822;0.384041
1823;0.383745
1824;0.382332
1825;0.38252
1826;0.383499
1827;0.384689
1828;0.384525
1829;0.384053
1830;0.382697
1831;0.382791
1832;0.382074
1833;0.381602
1834;0.381281
1835;0.380928
1836;0.382262
1837;0.383084
1838;0.382193
1839;0.380541
1840;0.382212
1841;0.381853
1842;0.380022
1843;0.379181
1844;0.379641
1845;0.379232
1846;0.379616
1847;0.379987
1848;0.380122
1849;0.37819
1850;0.379185
1851;0.380267
1852;0.378508
1853;0.378546
1854;0.379175
1855;0.378734
1856;0.379622
1857;0.380881
1858;0.380928
1859;0.380176
1860;0.379011
1861;0.378039
1862;0.378215
1863;0.377488
1864;0.37707
1865;0.376994
1866;0.378212
1867;0.378222
1868;0.377573
1869;0.377331
1870;0.377104
1871;0.377258
1872;0.376569
1873;0.376195
1874;0.375937
1875;0.377199
1876;0.37661
1877;0.377038
1878;0.376648
1879;0.3716
1880;0.376572
1881;0.376761
1882;0.376207
1883;0.375506
1884;0.373517
1885;0.374926
1886;0.375591
1887;0.375795
1888;0.37577
1889;0.376179
1890;0.375704
1891;0.375524
1892;0.377561
1893;0.373712
1894;0.373803
1895;0.372072
1896;0.375443
1897;0.374971
1898;0.374546
1899;0.374067
1900;0.37414
1901;0.373318
1902;0.372805
1903;0.375024
1904;0.372406
1905;0.372661
1906;0.373057
1907;0.373834
1908;0.373646
1909;0.373586
1910;0.373495
1911;0.37289
1912;0.371518
1913;0.371827
1914;0.371364
1915;0.370917
1916;0.372657
1917;0.372198
1918;0.372425
1919;0.37176
1920;0.371591
1921;0.371581
1922;0.37008
1923;0.369164
1924;0.369567
1925;0.36867
1926;0.370218
1927;0.370527
1928;0.37143
1929;0.370543
1930;0.369063
1931;0.369828
1932;0.368453
1933;0.367587
1934;0.368969
1935;0.367118
1936;0.369624
1937;0.368525
1938;0.368796
1939;0.369856
1940;0.368975
1941;0.368837
1942;0.367276
1943;0.366552
1944;0.367905
1945;0.367037
1946;0.366873
1947;0.367729
1948;0.367468
1949;0.369743
1950;0.367002
1951;0.367528
1952;0.365797
1953;0.365872
1954;0.365856
1955;0.365051
1956;0.365677
1957;0.366332
1958;0.365844
1959;0.36596
1960;0.365073
1961;0.3658
1962;0.364868
1963;0.364749
1964;0.364941
1965;0.364078
1966;0.365432
1967;0.364657
1968;0.365233
1969;0.363946
1970;0.364708
1971;0.364425
1972;0.363814
1973;0.363849
1974;0.364037
1975;0.363833
1976;0.3641
1977;0.36405
1978;0.363546
1979;0.364761
1980;0.363653
1981;0.364122
1982;0.362511
1983;0.364541
1984;0.362952
1985;0.361737
1986;0.36343
1987;0.362908
1988;0.362565
1989;0.363528
1990;0.362571
1991;0.361227
1992;0.361432
1993;0.361321
1994;0.361274
1995;0.36044
1996;0.361825
1997;0.36163
1998;0.362212
1999;0.3618
2000;0.362014
2001;0.361416
2002;0.360371
2003;0.35976
2004;0.360148
2005;0.359672
2006;0.360875
2007;0.360651
2008;0.360204
2009;0.360796
2010;0.360034
2011;0.360151
2012;0.358864
2013;0.359263
2014;0.357123
2015;0.358602
2016;0.359477
2017;0.359178
2018;0.357856
2019;0.359159
2020;0.3592
2021;0.358505
2022;0.356689
2023;0.357721
2024;0.357372
2025;0.357438
2026;0.357573
2027;0.358042
2028;0.357963
2029;0.357089
2030;0.357611
2031;0.357441
2032;0.356236
2033;0.355946
2034;0.355307
2035;0.355858
2036;0.356314
2037;0.356173
2038;0.356207
2039;0.357466
2040;0.356365
2041;0.356616
2042;0.354615
2043;0.357598
2044;0.354498
2045;0.355329
2046;0.35571
2047;0.355817
2048;0.35531
2049;0.355754
2050;0.354521
2051;0.355191
2052;0.353611
2053;0.353551
2054;0.35594
2055;0.353683
2056;0.354637
2057;0.354067
2058;0.354203
2059;0.353617
2060;0.353029
2061;0.350738
2062;0.352459
2063;0.351125
2064;0.35255
2065;0.352019
2066;0.35261
2067;0.352601
2068;0.352764
2069;0.35273
2070;0.351685
2071;0.352053
2072;0.351191
2073;0.350926
2074;0.350615
2075;0.348377
2076;0.351244
2077;0.350539
2078;0.351934
2079;0.35121
2080;0.350552
2081;0.351499
2082;0.352223
2083;0.348755
2084;0.348991
2085;0.348714
2086;0.349822
2087;0.349646
2088;0.349328
2089;0.349526
2090;0.348925
2091;0.348085
2092;0.347657
2093;0.34772
2094;0.346212
2095;0.348201
2096;0.348768
2097;0.3485
2098;0.348188
2099;0.345879
2100;0.347452
2101;0.347584
2102;0.347056
2103;0.345026
2104;0.346325
2105;0.346074
2106;0.346867
2107;0.346602
2108;0.346004
2109;0.345929
2110;0.346269
2111;0.346089
2112;0.344928
2113;0.344472
2114;0.3449
2115;0.346728
2116;0.345007
2117;0.346014
2118;0.344308
2119;0.344947
2120;0.344053
2121;0.34394
2122;0.342722
2123;0.343213
2124;0.343021
2125;0.342108
2126;0.34326
2127;0.343037
2128;0.343235
2129;0.344758
2130;0.342439
2131;0.343235
2132;0.341082
2133;0.341806
2134;0.341428
2135;0.340418
2136;0.341186
2137;0.341545
2138;0.342395
2139;0.341608
2140;0.339232
2141;0.340679
2142;0.339965
2143;0.339122
2144;0.338612
2145;0.33869
2146;0.340195
2147;0.339776
2148;0.339613
2149;0.339858
2150;0.339956
2151;0.338857
2152;0.338332
2153;0.33662
2154;0.337627
2155;0.33779
2156;0.338045
2157;0.337718
2158;0.337916
2159;0.338373
2160;0.338058
2161;0.33758
2162;0.336601
2163;0.337394
2164;0.337573
2165;0.336302
2166;0.337863
2167;0.337236
2168;0.33696
2169;0.336799
2170;0.335993
2171;0.336856
2172;0.335399
2173;0.335301
2174;0.33543
2175;0.335213
2176;0.335361
2177;0.330835
2178;0.334514
2179;0.335521
2180;0.334407
2181;0.335285
2182;0.333929
2183;0.333598
2184;0.332793
2185;0.332853
2186;0.333246
2187;0.333388
2188;0.332714
2189;0.333457
2190;0.332204
2191;0.332853
2192;0.333523
2193;0.331323
2194;0.331556
2195;0.330722
2196;0.331641
2197;0.33211
2198;0.331118
2199;0.331757
2200;0.331219
2201;0.331078
2202;0.32946
2203;0.330203
2204;0.329394
2205;0.329715
2206;0.330231
2207;0.331329
2208;0.330162
2209;0.329828
2210;0.329199
2211;0.327952
2212;0.327921
2213;0.328513
2214;0.328469
2215;0.327701
2216;0.328661
2217;0.328516
2218;0.328827
2219;0.327987
2220;0.327222
2221;0.327657
2222;0.326168
2223;0.329208
2224;0.325879
2225;0.323962
2226;0.32664
2227;0.326461
2228;0.32748
2229;0.326127
2230;0.325586
2231;0.325627
2232;0.324604
2233;0.324292
2234;0.32405
2235;0.323106
2236;0.324752
2237;0.324705
2238;0.324695
2239;0.324809
2240;0.324296
2241;0.324
2242;0.322952
2243;0.322414
2244;0.322539
2245;0.322099
2246;0.323068
2247;0.323078
2248;0.323084
2249;0.322502
2250;0.321885
2251;0.322886
2252;0.321281
2253;0.320881
2254;0.320667
2255;0.320812
2256;0.321998
2257;0.321687
2258;0.321803
2259;0.320978
2260;0.320349
2261;0.321208
2262;0.319801
2263;0.317416
2264;0.320154
2265;0.319137
2266;0.319864
2267;0.320248
2268;0.319436
2269;0.322942
2270;0.319408
2271;0.319282
2272;0.318583
2273;0.318782
2274;0.317841
2275;0.318008
2276;0.318476
2277;0.318574
2278;0.315314
2279;0.318171
2280;0.317649
2281;0.31634
2282;0.3174
2283;0.316733
2284;0.316673
2285;0.316437
2286;0.317366
2287;0.317186
2288;0.316173
2289;0.316421
2290;0.316755
2291;0.316831
2292;0.315207
2293;0.315427
2294;0.314945
2295;0.314014
2296;0.31622
2297;0.316006
2298;0.31515
2299;0.314659
2300;0.314602
2301;0.31493
2302;0.313337
2303;0.314656
2304;0.31357
2305;0.314272
2306;0.31425
2307;0.314914
2308;0.313004
2309;0.313152
2310;0.313098
2311;0.313211
2312;0.312327
2313;0.311698
2314;0.311015
2315;0.311153
2316;0.312403
2317;0.312469
2318;0.311241
2319;0.311691
2320;0.311427
2321;0.311735
2322;0.310851
2323;0.310879
2324;0.310033
2325;0.310325
2326;0.310105
2327;0.31177
2328;0.310058
2329;0.310706
2330;0.310552
2331;0.312308
2332;0.308654
2333;0.309032
2334;0.311203
2335;0.308453
2336;0.309372
2337;0.310288
2338;0.309422
2339;0.309249
2340;0.30889
2341;0.309775
2342;0.307635
2343;0.308431
2344;0.308066
2345;0.306779
2346;0.307669
2347;0.307997
2348;0.307512
2349;0.309809
2350;0.306952
2351;0.307905
2352;0.306467
2353;0.305932
2354;0.30541
2355;0.30608
2356;0.306905
2357;0.306196
2358;0.305633
2359;0.306256
2360;0.305919
2361;0.305082
2362;0.304928
2363;0.304639
2364;0.303975
2365;0.304044
2366;0.304465
2367;0.305139
2368;0.304044
2369;0.30479
2370;0.303968
2371;0.3041
2372;0.306392
2373;0.30265
2374;0.302628
2375;0.303496
2376;0.302643
2377;0.303254
2378;0.303317
2379;0.303484
2380;0.303795
2381;0.303093
2382;0.301891
2383;0.300821
2384;0.300245
2385;0.30061
2386;0.302102
2387;0.302347
2388;0.301268
2389;0.301583
2390;0.300887
2391;0.302281
2392;0.299657
2393;0.300072
2394;0.299742
2395;0.299864
2396;0.301199
2397;0.300406
2398;0.300381
2399;0.300399
2400;0.296692
2401;0.299191
2402;0.299868
2403;0.297891
2404;0.298505
2405;0.298561
2406;0.29948
2407;0.299581
2408;0.298782
2409;0.299276
2410;0.298596
2411;0.298936
2412;0.297164
2413;0.296475
2414;0.296126
2415;0.296997
2416;0.297419
2417;0.297891
2418;0.297683
2419;0.297696
2420;0.297227
2421;0.297262
2422;0.297391
2423;0.29622
2424;0.295688
2425;0.29442
2426;0.295565
2427;0.295556
2428;0.295581
2429;0.295698
2430;0.295606
2431;0.295364
2432;0.293998
2433;0.293901
2434;0.293192
2435;0.295852
2436;0.29424
2437;0.294215
2438;0.294102
2439;0.290927
2440;0.293696
2441;0.294404
2442;0.290637
2443;0.292233
2444;0.292695
2445;0.293369
2446;0.294753
2447;0.29301
2448;0.292371
2449;0.292535
2450;0.291518
2451;0.292292
2452;0.291764
2453;0.290829
2454;0.290612
2455;0.291203
2456;0.291399
2457;0.291059
2458;0.291477
2459;0.292019
2460;0.291395
2461;0.291279
2462;0.289529
2463;0.28907
2464;0.289126
2465;0.289576
2466;0.288651
2467;0.290414
2468;0.289262
2469;0.291487
2470;0.289765
2471;0.289318
2472;0.289057
2473;0.288
2474;0.288305
2475;0.287499
2476;0.287761
2477;0.287525
2478;0.288075
2479;0.288198
2480;0.288642
2481;0.287534
2482;0.286753
2483;0.286832
2484;0.289567
2485;0.28586
2486;0.285875
2487;0.28766
2488;0.286798
2489;0.286741
2490;0.286574
2491;0.287024
2492;0.285397
2493;0.283433
2494;0.284783
2495;0.284377
2496;0.285416
2497;0.285416
2498;0.285413
2499;0.285416
2500;0.284916
2501;0.284931
2502;0.285583
2503;0.284173
2504;0.283918
2505;0.283279
2506;0.28462
2507;0.284727
2508;0.284327
2509;0.284072
2510;0.28355
2511;0.285797
2512;0.282996
2513;0.283012
2514;0.28264
2515;0.282017
2516;0.282971
2517;0.28411
2518;0.282867
2519;0.283071
2520;0.283358
2521;0.283298
2522;0.281709
2523;0.280708
2524;0.281444
2525;0.280897
2526;0.280809
2527;0.282297
2528;0.281816
2529;0.281249
2530;0.28078
2531;0.281491
2532;0.280374
2533;0.280037
2534;0.280182
2535;0.279676
2536;0.280695
2537;0.28225
2538;0.279757
2539;0.280969
2540;0.28011
2541;0.280192
2542;0.2792
2543;0.278807
2544;0.279273
2545;0.278908
2546;0.27903
2547;0.279723
2548;0.27909
2549;0.279285
2550;0.279814
2551;0.279097
2552;0.27482
2553;0.278294
2554;0.277548
2555;0.277202
2556;0.278228
2557;0.276994
2558;0.276865
2559;0.277514
2560;0.277514
2561;0.277425
2562;0.275295
2563;0.277413
2564;0.276025
2565;0.276107
2566;0.276318
2567;0.277063
2568;0.276207
2569;0.276856
2570;0.277992
2571;0.277356
2572;0.275204
2573;0.27571
2574;0.275071
2575;0.275392
2576;0.275912
2577;0.276003
2578;0.275509
2579;0.276214
2580;0.275065
2581;0.276113
2582;0.273891
2583;0.273835
2584;0.276167
2585;0.273388
2586;0.273819
2587;0.273542
2588;0.274099
2589;0.274555
2590;0.27386
2591;0.274451
2592;0.271792
2593;0.272878
2594;0.275119
2595;0.27273
2596;0.272909
2597;0.273252
2598;0.273592
2599;0.274297
2600;0.27396
2601;0.273303
2602;0.270313
2603;0.271547
2604;0.272443
2605;0.271572
2606;0.272189
2607;0.273296
2608;0.272003
2609;0.272195
2610;0.271169
2611;0.270776
2612;0.273765
2613;0.270829
2614;0.271395
2615;0.27075
2616;0.271641
2617;0.271801
2618;0.271279
2619;0.271106
2620;0.271421
2621;0.271345
2622;0.269498
2623;0.26991
2624;0.268617
2625;0.268787
2626;0.269753
2627;0.269592
2628;0.270681
2629;0.270436
2630;0.269847
2631;0.270026
2632;0.268771
2633;0.268909
2634;0.268044
2635;0.268122
2636;0.268343
2637;0.271625
2638;0.269636
2639;0.270552
2640;0.268488
2641;0.268689
2642;0.26665
2643;0.267336
2644;0.267216
2645;0.268022
2646;0.267106
2647;0.267556
2648;0.26648
2649;0.267565
2650;0.266102
2651;0.264702
2652;0.265517
2653;0.265233
2654;0.265199
2655;0.265743
2656;0.261967
2657;0.26625
2658;0.266316
2659;0.266631
2660;0.266376
2661;0.26602
2662;0.264815
2663;0.264692
2664;0.264711
2665;0.264831
2666;0.266763
2667;0.267342
2668;0.264506
2669;0.265473
2670;0.263622
2671;0.265224
2672;0.264434
2673;0.266181
2674;0.263323
2675;0.264192
2676;0.264431
2677;0.264113
2678;0.264475
2679;0.264969
2680;0.263562
2681;0.264324
2682;0.262568
2683;0.262423
2684;0.262785
2685;0.262263
2686;0.26337
2687;0.263159
2688;0.263159
2689;0.26276
2690;0.262357
2691;0.263408
2692;0.262511
2693;0.262363
2694;0.260979
2695;0.261057
2696;0.263122
2697;0.262659
2698;0.263348
2699;0.262373
2700;0.262659
2701;0.261004
2702;0.260698
2703;0.260462
2704;0.259927
2705;0.259348
2706;0.259594
2707;0.262187
2708;0.26089
2709;0.261617
2710;0.26078
2711;0.260299
2712;0.259543
2713;0.259669
2714;0.259657
2715;0.260818
2716;0.260925
2717;0.260126
2718;0.259402
2719;0.259669
2720;0.260418
2721;0.259559
2722;0.258703
2723;0.257847
2724;0.258184
2725;0.257967
2726;0.258357
2727;0.259915
2728;0.258596
2729;0.259361
2730;0.25802
2731;0.258744
2732;0.257041
2733;0.257041
2734;0.257621
2735;0.257277
2736;0.254294
2737;0.258272
2738;0.254473
2739;0.258338
2740;0.258244
2741;0.258071
2742;0.25503
2743;0.256963
2744;0.255918
2745;0.256481
2746;0.256972
2747;0.256824
2748;0.256906
2749;0.257608
2750;0.256563
2751;0.257668
2752;0.255421
2753;0.255477
2754;0.255565
2755;0.258615
2756;0.256343
2757;0.256192
2758;0.25577
2759;0.255534
2760;0.250725
2761;0.253907
2762;0.252894
2763;0.254055
2764;0.254152
2765;0.254263
2766;0.25408
2767;0.25858
2768;0.257095
2769;0.256038
2770;0.25768
2771;0.258499
2772;0.257545
2773;0.256912
2774;0.256223
2775;0.256535
2776;0.258357
2777;0.257208
2778;0.258102
2779;0.25689
2780;0.257076
2781;0.257913
2782;0.255669
2783;0.255864
2784;0.255978
2785;0.255496
2786;0.256428
2787;0.256673
2788;0.256274
2789;0.256053
2790;0.255194
2791;0.254933
2792;0.254634
2793;0.254763
2794;0.254741
2795;0.254278
2796;0.255314
2797;0.256094
2798;0.253683
2799;0.256765
2800;0.254678
2801;0.254873
2802;0.253879
2803;0.253945
2804;0.255584
2805;0.252673
2806;0.253957
2807;0.254083
2808;0.25351
2809;0.25385
2810;0.253155
2811;0.253677
2812;0.252308
2813;0.25216
2814;0.250643
2815;0.251373
2816;0.252327
2817;0.249611
2818;0.251638
2819;0.252
2820;0.251981
2821;0.251842
2822;0.252255
2823;0.250045
2824;0.249652
2825;0.250234
2826;0.251159
2827;0.250234
2828;0.250241
2829;0.250977
2830;0.253359
2831;0.250942
2832;0.249599
2833;0.249123
2834;0.250237
2835;0.248982
2836;0.250004
2837;0.251219
2838;0.249608
2839;0.248481
2840;0.249067
2841;0.24974
2842;0.248648
2843;0.248447
2844;0.247997
2845;0.247178
2846;0.249019
2847;0.248466
2848;0.250794
2849;0.248928
2850;0.247959
2851;0.248456
2852;0.247141
2853;0.247169
2854;0.246835
2855;0.247389
2856;0.24754
2857;0.247169
2858;0.249051
2859;0.248654
2860;0.248022
2861;0.247008
2862;0.246316
2863;0.246458
2864;0.246348
2865;0.246061
2866;0.246974
2867;0.246923
2868;0.246514
2869;0.245809
2870;0.245781
2871;0.244931
2872;0.244346
2873;0.245041
2874;0.244519
2875;0.244384
2876;0.246527
2877;0.245759
2878;0.245098
2879;0.245621
2880;0.245658
2881;0.244765
2882;0.243909
2883;0.243301
2884;0.243682
2885;0.243874
2886;0.244683
2887;0.244368
2888;0.244815
2889;0.243814
2890;0.244277
2891;0.244484
2892;0.245828
2893;0.242816
2894;0.243521
2895;0.242159
2896;0.24371
2897;0.243342
2898;0.243263
2899;0.243081
2900;0.241794
2901;0.243421
2902;0.242329
2903;0.241743
2904;0.241611
2905;0.242499
2906;0.242263
2907;0.242486
2908;0.24196
2909;0.242253
2910;0.242857
2911;0.242187
2912;0.240456
2913;0.240456
2914;0.240755
2915;0.240217
2916;0.24202
2917;0.241639
2918;0.241117
2919;0.241054
2920;0.241469
2921;0.241853
2922;0.240141
2923;0.242253
2924;0.239159
2925;0.240242
2926;0.240418
2927;0.240368
2928;0.239396
2929;0.239946
2930;0.239975
2931;0.239093
2932;0.23796
2933;0.239622
2934;0.238968
2935;0.238744
2936;0.234665
2937;0.239767
2938;0.237019
2939;0.238691
2940;0.239572
2941;0.237781
2942;0.237558
2943;0.237296
2944;0.237548
2945;0.237498
2946;0.237951
2947;0.23785
2948;0.237532
2949;0.237155
2950;0.237463
2951;0.238291
2952;0.236591
2953;0.237221
2954;0.236535
2955;0.236343
2956;0.237224
2957;0.236985
2958;0.237189
2959;0.237199
2960;0.23735
2961;0.236925
2962;0.236532
2963;0.23537
2964;0.235824
2965;0.242313
2966;0.235993
2967;0.236359
2968;0.235005
2969;0.235802
2970;0.236245
2971;0.236333
2972;0.235226
2973;0.233942
2974;0.234149
2975;0.234835
2976;0.235159
2977;0.231783
2978;0.23577
2979;0.235569
2980;0.235304
2981;0.235213
2982;0.23487
2983;0.233822
2984;0.234326
2985;0.234137
2986;0.233954
2987;0.23459
2988;0.235956
2989;0.234562
2990;0.233715
2991;0.234149
2992;0.232226
2993;0.233164
2994;0.232516
2995;0.232425
2996;0.230379
2997;0.232384
2998;0.23295
2999;0.233567
3000;0.23346
3001;0.233488
3002;0.231824
3003;0.231002
3004;0.23143
3005;0.231207
3006;0.232088
3007;0.233082
3008;0.231657
3009;0.235531
3010;0.231317
3011;0.232761
3012;0.231204
3013;0.230744
3014;0.228963
3015;0.231962
3016;0.23183
3017;0.231676
3018;0.232145
3019;0.228343
3020;0.23161
3021;0.231704
3022;0.23014
3023;0.230326
3024;0.229897
3025;0.229775
3026;0.22986
3027;0.230448
3028;0.230121
3029;0.230886
3030;0.230203
3031;0.230703
3032;0.230008
3033;0.228805
3034;0.229211
3035;0.229199
3036;0.230134
3037;0.230552
3038;0.23013
3039;0.230206
3040;0.229816
3041;0.228591
3042;0.228491
3043;0.228107
3044;0.227997
3045;0.228532
3046;0.229051
3047;0.229683
3048;0.229262
3049;0.228658
3050;0.228972
3051;0.228827
3052;0.227071
3053;0.228484
3054;0.227462
3055;0.227317
3056;0.227909
3057;0.22873
3058;0.227314
3059;0.228151
3060;0.227449
3061;0.227572
3062;0.226253
3063;0.226665
3064;0.226354
3065;0.225781
3066;0.226121
3067;0.226892
3068;0.226568
3069;0.226794
3070;0.226505
3071;0.226813
3072;0.225567
3073;0.225221
3074;0.224758
3075;0.225164
3076;0.226064
3077;0.225948
3078;0.226049
3079;0.22603
3080;0.225334
3081;0.225715
3082;0.224799
3083;0.225123
3084;0.224085
3085;0.223921
3086;0.224311
3087;0.224831
3088;0.224824
3089;0.224843
3090;0.22575
3091;0.224459
3092;0.22653
3093;0.223012
3094;0.223909
3095;0.223197
3096;0.22462
3097;0.22203
3098;0.223981
3099;0.22422
3100;0.224176
3101;0.224434
3102;0.22303
3103;0.222571
3104;0.222363
3105;0.22276
3106;0.223632
3107;0.223399
3108;0.223241
3109;0.223062
3110;0.222949
3111;0.225831
3112;0.22203
3113;0.221026
3114;0.221841
3115;0.222134
3116;0.222945
3117;0.222977
3118;0.22248
3119;0.222838
3120;0.22299
3121;0.222181
3122;0.221743
3123;0.220862
3124;0.221636
3125;0.220431
3126;0.223688
3127;0.221639
3128;0.221554
3129;0.221095
3130;0.221765
3131;0.221986
3132;0.220554
3133;0.220286
3134;0.221139
3135;0.221322
3136;0.217086
3137;0.221888
3138;0.220258
3139;0.221809
3140;0.220431
3141;0.222259
3142;0.219289
3143;0.219987
3144;0.21955
3145;0.219871
3146;0.221454
3147;0.220318
3148;0.220862
3149;0.220626
3150;0.220063
3151;0.220601
3152;0.218961
3153;0.218813
3154;0.218757
3155;0.219235
3156;0.220308
3157;0.219968
3158;0.219698
3159;0.219971
3160;0.21954
3161;0.219559
3162;0.218297
3163;0.218388
3164;0.219024
3165;0.218659
3166;0.217942
3167;0.219153
3168;0.218845
3169;0.218099
3170;0.218675
3171;0.219625
3172;0.217938
3173;0.217847
3174;0.217432
3175;0.217791
3176;0.218731
3177;0.21865
3178;0.218952
3179;0.218363
3180;0.218335
3181;0.217447
3182;0.216094
3183;0.215386
3184;0.218565
3185;0.21684
3186;0.218445
3187;0.218348
3188;0.217514
3189;0.218571
3190;0.217737
3191;0.217287
3192;0.216588
3193;0.216547
3194;0.216022
3195;0.216708
3196;0.217853
3197;0.217901
3198;0.217237
3199;0.217529
3200;0.217205
3201;0.218225
3202;0.216129
3203;0.216327
3204;0.216683
3205;0.215931
3206;0.217916
3207;0.217054
3208;0.216453
3209;0.217369
3210;0.216252
3211;0.216591
3212;0.215842
3213;0.215588
3214;0.215871
3215;0.215874
3216;0.216859
3217;0.214451
3218;0.216799
3219;0.217067
3220;0.216349
3221;0.216856
3222;0.215474
3223;0.215314
3224;0.214829
3225;0.215235
3226;0.215946
3227;0.215886
3228;0.215839
3229;0.21644
3230;0.216472
3231;0.216264
3232;0.214643
3233;0.214401
3234;0.214602
3235;0.214388
3236;0.215396
3237;0.215632
3238;0.215685
3239;0.210917
3240;0.215701
3241;0.215739
3242;0.213806
3243;0.215704
3244;0.213728
3245;0.214433
3246;0.214376
3247;0.215414
3248;0.21482
3249;0.21555
3250;0.213979
3251;0.214936
3252;0.213661
3253;0.213425
3254;0.214108
3255;0.213064
3256;0.21504
3257;0.214014
3258;0.21408
3259;0.21515
3260;0.215229
3261;0.215905
3262;0.215946
3263;0.213171
3264;0.211666
3265;0.213627
3266;0.214404
3267;0.214099
3268;0.214074
3269;0.213806
3270;0.212991
3271;0.214521
3272;0.215216
3273;0.21272
3274;0.211723
3275;0.213224
3276;0.21397
3277;0.214543
3278;0.214168
3279;0.214089
3280;0.211169
3281;0.214492
3282;0.212868
3283;0.212651
3284;0.21279
3285;0.212774
3286;0.213661
3287;0.212903
3288;0.212957
3289;0.214392
3290;0.213649
3291;0.2138
3292;0.213337
3293;0.211937
3294;0.212211
3295;0.213328
3296;0.212812
3297;0.213794
3298;0.213126
3299;0.213539
3300;0.212236
3301;0.213586
3302;0.212906
3303;0.212365
3304;0.213032
3305;0.212321
3306;0.21369
3307;0.213709
3308;0.213136
3309;0.213425
3310;0.213139
3311;0.212887
3312;0.212195
3313;0.211471
3314;0.209976
3315;0.211402
3316;0.212529
3317;0.213252
3318;0.21234
3319;0.213045
3320;0.213809
3321;0.213517
3322;0.211062
3323;0.212126
3324;0.211654
3325;0.211707
3326;0.212119
3327;0.212381
3328;0.212975
3329;0.213215
3330;0.21228
3331;0.212554
3332;0.211314
3333;0.211405
3334;0.212544
3335;0.211691
3336;0.212503
3337;0.21273
3338;0.211386
3339;0.213536
3340;0.213419
3341;0.213378
3342;0.211877
3343;0.211487
3344;0.211663
3345;0.211893
3346;0.213413
3347;0.213545
3348;0.212412
3349;0.213155
3350;0.21285
3351;0.213171
3352;0.211909
3353;0.211632
3354;0.21329
3355;0.212248
3356;0.213608
3357;0.214354
3358;0.213051
3359;0.21346
3360;0.21369
3361;0.213611
3362;0.212629
3363;0.212944
3364;0.212765
3365;0.212481
3366;0.21352
3367;0.213488
3368;0.213765
3369;0.214124
3370;0.214326
3371;0.214134
3372;0.21312
3373;0.212979
3374;0.21402
3375;0.213076
3376;0.214275
3377;0.214174
3378;0.213482
3379;0.213942
3380;0.213048
3381;0.214527
3382;0.213045
3383;0.212494
3384;0.213344
3385;0.213879
3386;0.215465
3387;0.214602
3388;0.214178
3389;0.214568
3390;0.213385
3391;0.21476
3392;0.213466
3393;0.212903
3394;0.212859
3395;0.213126
3396;0.214269
3397;0.213898
3398;0.214722
3399;0.214892
3400;0.213196
3401;0.214156
3402;0.213328
3403;0.212613
3404;0.213684
3405;0.213284
3406;0.214011
3407;0.214011
3408;0.214112
3409;0.214105
3410;0.214757
3411;0.21465
3412;0.213558
3413;0.211902
3414;0.215128
3415;0.213589
3416;0.211137
3417;0.214854
3418;0.214782
3419;0.21509
3420;0.214776
3421;0.214486
3422;0.21312
3423;0.21385
3424;0.213926
3425;0.213599
3426;0.214584
3427;0.214901
3428;0.21464
3429;0.215345
3430;0.21442
3431;0.21465
3432;0.214127
3433;0.214067
3434;0.214039
3435;0.214451
3436;0.215735
3437;0.214794
3438;0.21571
3439;0.216595
3440;0.215471
3441;0.216088
3442;0.214414
3443;0.216352
3444;0.215125
3445;0.215043
3446;0.216613
3447;0.216195
3448;0.216239
3449;0.216459
3450;0.215669
3451;0.216028
3452;0.214709
3453;0.214807
3454;0.216919
3455;0.214433
3456;0.215861
3457;0.216119
3458;0.215921
3459;0.21605
3460;0.216091
3461;0.216878
3462;0.214747
3463;0.214489
3464;0.215323
3465;0.215959
3466;0.217155
3467;0.216809
3468;0.216535
3469;0.216717
3470;0.217111
3471;0.216673
3472;0.216091
3473;0.215188
3474;0.215559
3475;0.215899
3476;0.216488
3477;0.217045
3478;0.217362
3479;0.214433
3480;0.217435
3481;0.216979
3482;0.215619
3483;0.216472
3484;0.216478
3485;0.215899
3486;0.218247
3487;0.217309
3488;0.217249
3489;0.217403
3490;0.217781
3491;0.21634
3492;0.21623
3493;0.216154
3494;0.216302
3495;0.216025
3496;0.217791
3497;0.218285
3498;0.217385
3499;0.217246
3500;0.2173
3501;0.217202
3502;0.215909
3503;0.216145
3504;0.217309
3505;0.217325
3506;0.218552
3507;0.218612
3508;0.222889
3509;0.219037
3510;0.217875
3511;0.220456
3512;0.21605
3513;0.217888
3514;0.217032
3515;0.216591
3516;0.217797
3517;0.219912
3518;0.218366
3519;0.220261
3520;0.218835
3521;0.21927
3522;0.218631
3523;0.217775
3524;0.21847
3525;0.21921
3526;0.218757
3527;0.21971
3528;0.220113
3529;0.219934
3530;0.219323
3531;0.222152
3532;0.218376
3533;0.21876
3534;0.217123
3535;0.218303
3536;0.220302
3537;0.220799
3538;0.221016
3539;0.220749
3540;0.216711
3541;0.21982
3542;0.219112
3543;0.219556
3544;0.219046
3545;0.218064
3546;0.220387
3547;0.220755
3548;0.219783
3549;0.221605
3550;0.220355
3551;0.220661
3552;0.220714
3553;0.219462
3554;0.219254
3555;0.220113
3556;0.220802
3557;0.220412
3558;0.220743
3559;0.220953
3560;0.22152
3561;0.22089
3562;0.217916
3563;0.219103
3564;0.219156
3565;0.220239
3566;0.220746
3567;0.220824
3568;0.220292
3569;0.221677
3570;0.220859
3571;0.221224
3572;0.219666
3573;0.220116
3574;0.219336
3575;0.220038
3576;0.220689
3577;0.221422
3578;0.22113
3579;0.220865
3580;0.221706
3581;0.222118
3582;0.219899
3583;0.220359
3584;0.220648
3585;0.220261
3586;0.220661
3587;0.221233
3588;0.220601
3589;0.222587
3590;0.222297
3591;0.221938
3592;0.220569
3593;0.220727
3594;0.219421
3595;0.220362
3596;0.221907
3597;0.22196
3598;0.221699
3599;0.221108
3600;0.221857
3601;0.222461
3602;0.218171
3603;0.221054
3604;0.221237
3605;0.221086
3606;0.221885
3607;0.222971
3608;0.22338
3609;0.222744
3610;0.221737
3611;0.22236
3612;0.221514
3613;0.22084
3614;0.221221
3615;0.221995
3616;0.222857
3617;0.22276
3618;0.223115
3619;0.223534
3620;0.22343
3621;0.223877
3622;0.221916
3623;0.22326
3624;0.221671
3625;0.220491
3626;0.222662
3627;0.223229
3628;0.223043
3629;0.222612
3630;0.224217
3631;0.222584
3632;0.221435
3633;0.222467
3634;0.222174
3635;0.221706
3636;0.222524
3637;0.224381
3638;0.222731
3639;0.222854
3640;0.224141
3641;0.222933
3642;0.223106
3643;0.22095
3644;0.222307
3645;0.22214
3646;0.222804
3647;0.223669
3648;0.223499
3649;0.22338
3650;0.223726
3651;0.225595
3652;0.222983
3653;0.223053
3654;0.225092
3655;0.222955
3656;0.224025
3657;0.22366
3658;0.223471
3659;0.224252
3660;0.223965
3661;0.224648
3662;0.223125
3663;0.223484
3664;0.223182
3665;0.22005
3666;0.223578
3667;0.224176
3668;0.223147
3669;0.223732
3670;0.224066
3671;0.223864
3672;0.222911
3673;0.223638
3674;0.222492
3675;0.222917
3676;0.224179
3677;0.224403
3678;0.224063
3679;0.223949
3680;0.224629
3681;0.225608
3682;0.223515
3683;0.223616
3684;0.223446
3685;0.224151
3686;0.223484
3687;0.225595
3688;0.224362
3689;0.223817
3690;0.224812
3691;0.224629
3692;0.227361
3693;0.223896
3694;0.224009
3695;0.226769
3696;0.224953
3697;0.225079
3698;0.22546
3699;0.224868
3700;0.225205
3701;0.225328
3702;0.22439
3703;0.223688
3704;0.22406
3705;0.224107
3706;0.224075
3707;0.225004
3708;0.225731
3709;0.224793
3710;0.225325
3711;0.225435
3712;0.224554
3713;0.223405
3714;0.224503
3715;0.224377
3716;0.224894
3717;0.225668
3718;0.224818
3719;0.225567
3720;0.225089
3721;0.226055
3722;0.224434
3723;0.225032
3724;0.224201
3725;0.227178
3726;0.225262
3727;0.225677
3728;0.226851
3729;0.225419
3730;0.225385
3731;0.22568
3732;0.224695
3733;0.224154
3734;0.224777
3735;0.224192
3736;0.225177
3737;0.226067
3738;0.225923
3739;0.226329
3740;0.22557
3741;0.225853
3742;0.224673
3743;0.224884
3744;0.225649
3745;0.227128
3746;0.226108
3747;0.22602
3748;0.228337
3749;0.226137
3750;0.226385
3751;0.225385
3752;0.224516
3753;0.224569
3754;0.225422
3755;0.225539
3756;0.225504
3757;0.226694
3758;0.226464
3759;0.225624
3760;0.225869
3761;0.226656
3762;0.22529
3763;0.22461
3764;0.225051
3765;0.225929
3766;0.226266
3767;0.226524
3768;0.225806
3769;0.226647
3770;0.22715
3771;0.225998
3772;0.223852
3773;0.225161
3774;0.224944
3775;0.225492
3776;0.226517
3777;0.226533
3778;0.224154
3779;0.22664
3780;0.22586
3781;0.226335
3782;0.225416
3783;0.225148
3784;0.225315
3785;0.226247
3786;0.228333
3787;0.226335
3788;0.225819
3789;0.226665
3790;0.226102
3791;0.226709
3792;0.225101
3793;0.224126
3794;0.226429
3795;0.225731
3796;0.225617
3797;0.226996
3798;0.226203
3799;0.226499
3800;0.226379
3801;0.226228
3802;0.225473
3803;0.22541
3804;0.224774
3805;0.227852
3806;0.226628
3807;0.227219
3808;0.226316
3809;0.226187
3810;0.225104
3811;0.226741
3812;0.224994
3813;0.225447
3814;0.223068
3815;0.225117
3816;0.226222
3817;0.226719
3818;0.226725
3819;0.227166
3820;0.221337
3821;0.226322
3822;0.226052
3823;0.227745
3824;0.226508
3825;0.226102
3826;0.22799
3827;0.226914
3828;0.227374
3829;0.226731
3830;0.22653
3831;0.227021
3832;0.223739
3833;0.226237
3834;0.226039
3835;0.224922
3836;0.226524
3837;0.226316
3838;0.226404
3839;0.227049
3840;0.226892
3841;0.224938
3842;0.225284
3843;0.22534
3844;0.225224
3845;0.225356
3846;0.226442
3847;0.226656
3848;0.226124
3849;0.227056
3850;0.225894
3851;0.226049
3852;0.225847
3853;0.22467
3854;0.225385
3855;0.224724
3856;0.226461
3857;0.22676
3858;0.226376
3859;0.226669
3860;0.225879
3861;0.226461
3862;0.22551
3863;0.225293
3864;0.224777
3865;0.224425
3866;0.226005
3867;0.226417
3868;0.225901
3869;0.22602
3870;0.225388
3871;0.226593
3872;0.225196
3873;0.225602
3874;0.225196
3875;0.22389
3876;0.22506
3877;0.225281
3878;0.227194
3879;0.226086
3880;0.226105
3881;0.226659
3882;0.224985
3883;0.226451
3884;0.225312
3885;0.223981
3886;0.22704
3887;0.225567
3888;0.22552
3889;0.226303
3890;0.225718
3891;0.224755
3892;0.224991
3893;0.225281
3894;0.225139
3895;0.224884
3896;0.225992
3897;0.22664
3898;0.226121
3899;0.226754
3900;0.223657
3901;0.226505
3902;0.225067
3903;0.224639
3904;0.224522
3905;0.225064
3906;0.225923
3907;0.226303
3908;0.224809
3909;0.226181
3910;0.226127
3911;0.226156
3912;0.22546
3913;0.224783
3914;0.225029
3915;0.225293
3916;0.226159
3917;0.226329
3918;0.22603
3919;0.225677
3920;0.221155
3921;0.225463
3922;0.225325
3923;0.224393
3924;0.22507
3925;0.224827
3926;0.225806
3927;0.225778
3928;0.2249
3929;0.226477
3930;0.225853
3931;0.225888
3932;0.224535
3933;0.225237
3934;0.226628
3935;0.225322
3936;0.225567
3937;0.225894
3938;0.225932
3939;0.226964
3940;0.225875
3941;0.226288
3942;0.226017
3943;0.225385
3944;0.225813
3945;0.224654
3946;0.226467
3947;0.226662
3948;0.226521
3949;0.227015
3950;0.225674
3951;0.22659
3952;0.225485
3953;0.226392
3954;0.226439
3955;0.2258
3956;0.22658
3957;0.226533
3958;0.226898
3959;0.227109
3960;0.227097
3961;0.225372
3962;0.226514
3963;0.226231
3964;0.225702
3965;0.225476
3966;0.227219
3967;0.227276
3968;0.227345
3969;0.228425
3970;0.226709
3971;0.227672
3972;0.225954
3973;0.226093
3974;0.226505
3975;0.22704
3976;0.22642
3977;0.227553
3978;0.227216
3979;0.227754
3980;0.227282
3981;0.228362
3982;0.228154
3983;0.226237
3984;0.226835
3985;0.225101
3986;0.227553
3987;0.227811
3988;0.22771
3989;0.227767
3990;0.227616
3991;0.228286
3992;0.227783
3993;0.227345
3994;0.226914
3995;0.228827
3996;0.228434
3997;0.229045
3998;0.228176
3999;0.228676
4000;0.229407
4001;0.229126
4002;0.228056
4003;0.227565
4004;0.229718
4005;0.227465
4006;0.228418
4007;0.22811
4008;0.228698
4009;0.228887
4010;0.228041
4011;0.228185
4012;0.227534
4013;0.228453
4014;0.227115
4015;0.228176
4016;0.228765
4017;0.229595
4018;0.228878
4019;0.22986
4020;0.22889
4021;0.229438
4022;0.228292
4023;0.228403
4024;0.228472
4025;0.228311
4026;0.229098
4027;0.229347
4028;0.228318
4029;0.229737
4030;0.228862
4031;0.22924
4032;0.228292
4033;0.231509
4034;0.228141
4035;0.228346
4036;0.229101
4037;0.230124
4038;0.22952
4039;0.230348
4040;0.229787
4041;0.228988
4042;0.228544
4043;0.228919
4044;0.228503
4045;0.229485
4046;0.230234
4047;0.230184
4048;0.230533
4049;0.230945
4050;0.229435
4051;0.229674
4052;0.228466
4053;0.228768
4054;0.228277
4055;0.22659
4056;0.230064
4057;0.231119
4058;0.229731
4059;0.230215
4060;0.231487
4061;0.227732
4062;0.228623
4063;0.229485
4064;0.231474
4065;0.229469
4066;0.230392
4067;0.230584
4068;0.230184
4069;0.23082
4070;0.230574
4071;0.230615
4072;0.229781
4073;0.229243
4074;0.229167
4075;0.228796
4076;0.230848
4077;0.230867
4078;0.230039
4079;0.228554
4080;0.230584
4081;0.23099
4082;0.230876
4083;0.229866
4084;0.229986
4085;0.229221
4086;0.230143
4087;0.231065
4088;0.230584
4089;0.230656
4090;0.230851
4091;0.231081
4092;0.23013
4093;0.230108
4094;0.230329
4095;0.230524
4096;0.231068
4097;0.232116
4098;0.231147
4099;0.231134
4100;0.23132
4101;0.231921
4102;0.230429
4103;0.230272
4104;0.230675
4105;0.229913
4106;0.230643
4107;0.231814
4108;0.231078
4109;0.231276
4110;0.230914
4111;0.230473
4112;0.2302
4113;0.230807
4114;0.230436
4115;0.230215
4116;0.231219
4117;0.232126
4118;0.232009
4119;0.231723
4120;0.231619
4121;0.23262
4122;0.231059
4123;0.230536
4124;0.230942
4125;0.230905
4126;0.231386
4127;0.232248
4128;0.231427
4129;0.231987
4130;0.231191
4131;0.231883
4132;0.230521
4133;0.230272
4134;0.230936
4135;0.230212
4136;0.231389
4137;0.231893
4138;0.229246
4139;0.232016
4140;0.231654
4141;0.232261
4142;0.229948
4143;0.230744
4144;0.228327
4145;0.230735
4146;0.231049
4147;0.23233
4148;0.232831
4149;0.231931
4150;0.232453
4151;0.232447
4152;0.230791
4153;0.232179
4154;0.232783
4155;0.230804
4156;0.231597
4157;0.231993
4158;0.229051
4159;0.232355
4160;0.232132
4161;0.232085
4162;0.231213
4163;0.231701
4164;0.231348
4165;0.231679
4166;0.231521
4167;0.231462
4168;0.232528
4169;0.231858
4170;0.23188
4171;0.230527
4172;0.23087
4173;0.231046
4174;0.230829
4175;0.230055
4176;0.232151
4177;0.232765
4178;0.232302
4179;0.232843
4180;0.2329
4181;0.232979
4182;0.231943
4183;0.232314
4184;0.231679
4185;0.228868
4186;0.232025
4187;0.232972
4188;0.2329
4189;0.232557
4190;0.232601
4191;0.233554
4192;0.233114
4193;0.231971
4194;0.231757
4195;0.232173
4196;0.23261
4197;0.233278
4198;0.233041
4199;0.233476
4200;0.232639
4201;0.232658
4202;0.235056
4203;0.231666
4204;0.231953
4205;0.231276
4206;0.231956
4207;0.232897
4208;0.231817
4209;0.232333
4210;0.231943
4211;0.232639
4212;0.230927
4213;0.231924
4214;0.231411
4215;0.232912
4216;0.231729
4217;0.232082
4218;0.232963
4219;0.233422
4220;0.232777
4221;0.232346
4222;0.233888
4223;0.231883
4224;0.23182
4225;0.231748
4226;0.232758
4227;0.232997
4228;0.232868
4229;0.233394
4230;0.232352
4231;0.233051
4232;0.234146
4233;0.232053
4234;0.23189
4235;0.232214
4236;0.233211
4237;0.232796
4238;0.229479
4239;0.233378
4240;0.233536
4241;0.233108
4242;0.232717
4243;0.235222
4244;0.232824
4245;0.232337
4246;0.233123
4247;0.233139
4248;0.233718
4249;0.233347
4250;0.232934
4251;0.233665
4252;0.23182
4253;0.23121
4254;0.232642
4255;0.232204
4256;0.23341
4257;0.23397
4258;0.233215
4259;0.234004
4260;0.233108
4261;0.233435
4262;0.231899
4263;0.232321
4264;0.232145
4265;0.232201
4266;0.232717
4267;0.234338
4268;0.233712
4269;0.232912
4270;0.232425
4271;0.23217
4272;0.230152
4273;0.23217
4274;0.232141
4275;0.232038
4276;0.233397
4277;0.233183
4278;0.233013
4279;0.232761
4280;0.232645
4281;0.232774
4282;0.231748
4283;0.232129
4284;0.232123
4285;0.232148
4286;0.232997
4287;0.233048
4288;0.233145
4289;0.231175
4290;0.232456
4291;0.23262
4292;0.232409
4293;0.231757
4294;0.232192
4295;0.232491
4296;0.232585
4297;0.233221
4298;0.233353
4299;0.232415
4300;0.233004
4301;0.233208
4302;0.232768
4303;0.232
4304;0.235188
4305;0.232985
4306;0.233076
4307;0.232617
4308;0.233473
4309;0.233835
4310;0.232919
4311;0.233296
4312;0.232853
4313;0.232261
4314;0.232302
4315;0.232421
4316;0.233797
4317;0.234244
4318;0.233334
4319;0.233479
4320;0.233838
4321;0.233813
4322;0.23262
4323;0.232872
4324;0.233227
4325;0.233186
4326;0.233608
4327;0.233938
4328;0.234414
4329;0.233278
4330;0.233661
4331;0.233576
4332;0.230709
4333;0.232384
4334;0.232692
4335;0.232551
4336;0.233476
4337;0.233869
4338;0.233561
4339;0.233986
4340;0.234086
4341;0.234203
4342;0.233007
4343;0.235641
4344;0.23318
4345;0.232903
4346;0.233492
4347;0.234281
4348;0.233863
4349;0.233875
4350;0.233728
4351;0.233897
4352;0.232805
4353;0.237322
4354;0.232475
4355;0.233237
4356;0.2347
4357;0.234832
4358;0.232639
4359;0.23442
4360;0.233806
4361;0.234225
4362;0.2352
4363;0.232651
4364;0.233441
4365;0.233551
4366;0.235789
4367;0.233926
4368;0.234297
4369;0.234212
4370;0.235484
4371;0.234754
4372;0.233687
4373;0.233687
4374;0.234388
4375;0.234952
4376;0.235537
4377;0.235008
4378;0.235062
4379;0.235575
4380;0.234983
4381;0.23459
4382;0.233479
4383;0.233592
4384;0.234322
4385;0.23351
4386;0.23515
4387;0.235188
4388;0.235046
4389;0.236075
4390;0.234263
4391;0.235553
4392;0.234297
4393;0.233639
4394;0.234458
4395;0.235122
4396;0.23554
4397;0.236063
4398;0.234999
4399;0.234835
4400;0.235581
4401;0.235279
4402;0.236204
4403;0.235049
4404;0.234996
4405;0.234867
4406;0.235383
4407;0.236368
4408;0.236384
4409;0.235748
4410;0.236894
4411;0.236909
4412;0.234442
4413;0.234735
4414;0.235471
4415;0.235358
4416;0.235559
4417;0.234798
4418;0.237167
4419;0.238008
4420;0.237391
4421;0.235921
4422;0.236022
4423;0.236308
4424;0.236437
4425;0.237425
4426;0.237016
4427;0.238134
4428;0.237108
4429;0.237728
4430;0.23796
4431;0.237844
4432;0.236947
4433;0.236588
4434;0.236931
4435;0.236953
4436;0.233706
4437;0.237929
4438;0.238193
4439;0.238196
4440;0.237787
4441;0.238952
4442;0.236528
4443;0.237872
4444;0.237019
4445;0.237016
4446;0.238794
4447;0.23865
4448;0.239059
4449;0.23994
4450;0.238354
4451;0.239581
4452;0.237951
4453;0.237753
4454;0.237841
4455;0.239635
4456;0.238861
4457;0.240349
4458;0.239182
4459;0.240151
4460;0.239905
4461;0.236607
4462;0.239915
4463;0.238879
4464;0.239005
4465;0.2391
4466;0.2391
4467;0.239978
4468;0.239584
4469;0.239751
4470;0.239732
4471;0.240484
4472;0.238643
4473;0.239408
4474;0.239027
4475;0.239304
4476;0.240078
4477;0.240963
4478;0.240173
4479;0.24096
4480;0.240384
4481;0.240387
4482;0.239521
4483;0.239836
4484;0.239471
4485;0.239698
4486;0.240714
4487;0.241479
4488;0.241048
4489;0.241293
4490;0.240872
4491;0.241492
4492;0.243676
4493;0.238584
4494;0.240318
4495;0.240236
4496;0.241155
4497;0.241693
4498;0.241293
4499;0.238234
4500;0.240588
4501;0.241901
4502;0.241252
4503;0.241627
4504;0.238684
4505;0.243521
4506;0.241762
4507;0.241646
4508;0.241806
4509;0.242093
4510;0.241897
4511;0.242593
4512;0.240557
4513;0.241403
4514;0.239606
4515;0.241447
4516;0.242322
4517;0.243392
4518;0.242432
4519;0.242706
4520;0.242681
4521;0.242923
4522;0.241385
4523;0.241605
4524;0.242398
4525;0.241413
4526;0.242615
4527;0.24265
4528;0.242234
4529;0.242832
4530;0.242392
4531;0.242968
4532;0.241668
4533;0.244296
4534;0.242351
4535;0.240453
4536;0.241866
4537;0.243175
4538;0.242854
4539;0.243002
4540;0.242455
4541;0.243194
4542;0.242533
4543;0.242536
4544;0.242014
4545;0.243323
4546;0.243166
4547;0.246146
4548;0.242521
4549;0.243364
4550;0.243178
4551;0.243071
4552;0.242014
4553;0.241935
4554;0.242115
4555;0.244258
4556;0.243052
4557;0.241019
4558;0.2436
4559;0.243688
4560;0.243654
4561;0.243855
4562;0.242297
4563;0.242436
4564;0.242218
4565;0.241822
4566;0.243685
4567;0.242952
4568;0.243351
4569;0.243723
4570;0.243015
4571;0.242883
4572;0.24259
4573;0.242288
4574;0.242448
4575;0.242244
4576;0.243754
4577;0.244381
4578;0.243131
4579;0.243175
4580;0.243669
4581;0.24293
4582;0.239896
4583;0.241872
4584;0.242546
4585;0.242288
4586;0.24321
4587;0.243159
4588;0.242675
4589;0.243018
4590;0.24287
4591;0.24349
4592;0.241174
4593;0.242351
4594;0.242543
4595;0.241897
4596;0.243323
4597;0.243314
4598;0.243093
4599;0.243336
4600;0.242615
4601;0.243282
4602;0.242206
4603;0.241929
4604;0.241702
4605;0.242549
4606;0.241803
4607;0.24406
4608;0.242543
4609;0.242429
4610;0.242945
4611;0.243339
4612;0.242505
4613;0.242275
4614;0.242338
4615;0.243034
4616;0.242933
4617;0.243739
4618;0.243679
4619;0.244066
4620;0.243455
4621;0.241655
4622;0.242033
4623;0.242533
4624;0.243024
4625;0.24248
4626;0.243776
4627;0.243361
4628;0.24321
4629;0.244459
4630;0.243427
4631;0.243443
4632;0.242486
4633;0.243326
4634;0.243402
4635;0.245063
4636;0.243855
4637;0.243871
4638;0.243622
4639;0.243509
4640;0.243141
4641;0.243565
4642;0.24186
4643;0.243474
4644;0.24174
4645;0.242218
4646;0.242845
4647;0.243178
4648;0.243248
4649;0.244362
4650;0.243484
4651;0.243858
4652;0.242241
4653;0.242461
4654;0.244963
4655;0.240818
4656;0.243606
4657;0.244544
4658;0.24388
4659;0.243632
4660;0.243304
4661;0.243597
4662;0.242152
4663;0.243059
4664;0.24248
4665;0.242303
4666;0.243616
4667;0.2427
4668;0.242772
4669;0.243304
4670;0.242662
4671;0.243295
4672;0.242259
4673;0.241665
4674;0.242086
4675;0.241476
4676;0.243282
4677;0.243052
4678;0.243106
4679;0.242196
4680;0.242703
4681;0.244233
4682;0.24169
4683;0.241759
4684;0.241617
4685;0.241671
4686;0.241624
4687;0.242942
4688;0.24259
4689;0.242351
4690;0.242105
4691;0.243018
4692;0.241328
4693;0.241457
4694;0.241199
4695;0.24191
4696;0.242725
4697;0.242766
4698;0.242776
4699;0.242675
4700;0.242291
4701;0.243348
4702;0.24011
4703;0.242218
4704;0.241561
4705;0.240824
4706;0.241787
4707;0.242288
4708;0.241633
4709;0.241724
4710;0.241362
4711;0.241992
4712;0.24023
4713;0.240478
4714;0.240661
4715;0.241095
4716;0.241624
4717;0.242127
4718;0.241734
4719;0.241554
4720;0.241668
4721;0.241167
4722;0.239805
4723;0.239499
4724;0.240642
4725;0.231695
4726;0.241447
4727;0.2405
4728;0.242143
4729;0.241023
4730;0.241048
4731;0.241063
4732;0.239789
4733;0.239547
4734;0.239934
4735;0.241174
4736;0.240793
4737;0.240478
4738;0.240799
4739;0.237973
4740;0.240802
4741;0.241029
4742;0.239751
4743;0.240053
4744;0.240094
4745;0.239361
4746;0.240321
4747;0.240277
4748;0.24006
4749;0.240044
4750;0.240444
4751;0.240966
4752;0.239581
4753;0.240204
4754;0.239279
4755;0.238335
4756;0.237576
4757;0.240727
4758;0.240582
4759;0.240428
4760;0.241482
4761;0.240777
4762;0.239229
4763;0.239424
4764;0.238851
4765;0.23875
4766;0.239694
4767;0.239981
4768;0.238908
4769;0.239971
4770;0.23859
4771;0.239694
4772;0.237863
4773;0.238341
4774;0.238949
4775;0.238502
4776;0.240041
4777;0.239458
4778;0.239509
4779;0.240239
4780;0.239691
4781;0.238898
4782;0.23842
4783;0.23825
4784;0.238291
4785;0.239355
4786;0.239852
4787;0.240088
4788;0.239289
4789;0.240173
4790;0.239323
4791;0.24016
4792;0.238565
4793;0.238933
4794;0.238971
4795;0.237935
4796;0.240019
4797;0.240302
4798;0.238986
4799;0.239046
4800;0.238049
4801;0.238027
4802;0.236856
4803;0.238027
4804;0.237082
4805;0.23808
4806;0.238118
4807;0.238093
4808;0.236742
4809;0.236695
4810;0.238259
4811;0.237303
4812;0.23757
4813;0.235367
4814;0.236506
4815;0.234845
4816;0.235311
4817;0.236088
4818;0.236573
4819;0.236359
4820;0.236126
4821;0.236884
4822;0.234187
4823;0.234876
4824;0.234467
4825;0.233885
4826;0.23548
4827;0.234187
4828;0.234691
4829;0.235137
4830;0.233652
4831;0.234986
4832;0.236475
4833;0.233296
4834;0.233246
4835;0.233325
4836;0.234215
4837;0.234577
4838;0.233986
4839;0.230823
4840;0.229677
4841;0.234203
4842;0.233639
4843;0.23306
4844;0.232805
4845;0.232755
4846;0.233765
4847;0.233539
4848;0.233268
4849;0.232355
4850;0.232887
4851;0.232925
4852;0.232289
4853;0.231049
4854;0.231657
4855;0.231128
4856;0.232359
4857;0.232255
4858;0.231902
4859;0.232012
4860;0.231414
4861;0.232201
4862;0.230414
4863;0.230335
4864;0.230307
4865;0.230392
4866;0.231345
4867;0.231534
4868;0.23098
4869;0.231452
4870;0.231213
4871;0.229636
4872;0.232768
4873;0.230395
4874;0.229482
4875;0.228292
4876;0.230266
4877;0.230703
4878;0.230108
4879;0.230845
4880;0.230637
4881;0.229054
4882;0.229473
4883;0.228692
4884;0.229551
4885;0.229259
4886;0.229416
4887;0.229897
4888;0.229589
4889;0.22952
4890;0.228598
4891;0.228884
4892;0.227924
4893;0.228346
4894;0.227581
4895;0.227156
4896;0.228676
4897;0.228604
4898;0.228063
4899;0.223905
4900;0.228698
4901;0.2285
4902;0.227185
4903;0.227122
4904;0.227389
4905;0.227603
4906;0.227594
4907;0.228459
4908;0.227222
4909;0.229296
4910;0.227282
4911;0.227481
4912;0.22631
4913;0.226067
4914;0.225869
4915;0.226042
4916;0.226404
4917;0.226857
4918;0.223997
4919;0.226326
4920;0.226763
4921;0.225576
4922;0.224909
4923;0.224758
4924;0.224774
4925;0.223235
4926;0.225344
4927;0.22575
4928;0.225328
4929;0.225344
4930;0.224894
4931;0.223493
4932;0.223701
4933;0.224834
4934;0.221532
4935;0.223537
4936;0.225281
4937;0.224374
4938;0.223968
4939;0.224214
4940;0.224525
4941;0.219962
4942;0.223672
4943;0.223962
4944;0.222955
4945;0.223093
4946;0.224072
4947;0.223657
4948;0.2232
4949;0.223436
4950;0.223326
4951;0.223383
4952;0.222392
4953;0.221982
4954;0.222263
4955;0.221614
4956;0.222728
4957;0.222341
4958;0.222297
4959;0.220645
4960;0.223078
4961;0.22265
4962;0.22163
4963;0.221835
4964;0.220837
4965;0.220931
4966;0.22192
4967;0.221998
4968;0.221866
4969;0.222181
4970;0.221639
4971;0.222077
4972;0.220648
4973;0.219924
4974;0.22028
4975;0.220444
4976;0.221551
4977;0.222203
4978;0.221608
4979;0.221312
4980;0.221576
4981;0.222231
4982;0.220595
4983;0.22191
4984;0.220025
4985;0.220195
4986;0.220444
4987;0.220321
4988;0.220318
4989;0.22072
4990;0.220654
4991;0.219468
4992;0.217189
4993;0.219761
4994;0.219071
4995;0.219282
4996;0.220267
4997;0.220406
4998;0.21988
4999;0.219745
5000;0.219163
5001;0.218477
5002;0.218977
5003;0.218747
5004;0.218294
5005;0.217643
5006;0.219377
5007;0.219021
5008;0.218429
5009;0.219049
5010;0.219153
5011;0.219194
5012;0.217655
5013;0.217784
5014;0.217967
5015;0.217841
5016;0.219015
5017;0.218527
5018;0.219339
5019;0.218672
5020;0.21706
5021;0.21882
5022;0.217189
5023;0.217202
5024;0.217057
5025;0.217095
5026;0.217803
5027;0.218124
5028;0.220629
5029;0.21837
5030;0.217561
5031;0.218096
5032;0.216409
5033;0.216733
5034;0.21656
5035;0.216645
5036;0.217488
5037;0.217765
5038;0.213089
5039;0.217495
5040;0.217548
5041;0.215421
5042;0.215949
5043;0.216189
5044;0.215934
5045;0.216163
5046;0.21667
5047;0.216809
5048;0.21622
5049;0.217186
5050;0.216535
5051;0.216793
5052;0.215833
5053;0.215197
5054;0.215521
5055;0.215166
5056;0.21403
5057;0.216617
5058;0.216056
5059;0.216868
5060;0.216337
5061;0.215128
5062;0.214854
5063;0.214344
5064;0.215012
5065;0.214889
5066;0.216132
5067;0.216601
5068;0.215861
5069;0.215396
5070;0.217901
5071;0.216129
5072;0.214565
5073;0.212853
5074;0.214489
5075;0.214527
5076;0.215525
5077;0.215792
5078;0.215512
5079;0.215591
5080;0.214404
5081;0.215613
5082;0.214174
5083;0.213665
5084;0.213636
5085;0.213784
5086;0.214647
5087;0.214791
5088;0.214448
5089;0.214842
5090;0.213328
5091;0.214703
5092;0.214178
5093;0.212692
5094;0.213243
5095;0.21323
5096;0.213916
5097;0.214584
5098;0.213624
5099;0.214165
5100;0.214259
5101;0.213498
5102;0.213164
5103;0.213152
5104;0.213117
5105;0.212302
5106;0.213397
5107;0.213262
5108;0.213548
5109;0.212648
5110;0.213265
5111;0.213586
5112;0.213926
5113;0.212576
5114;0.212648
5115;0.211616
5116;0.214017
5117;0.213117
5118;0.210344
5119;0.21301
5120;0.212698
5121;0.213095
5122;0.212088
5123;0.211015
5124;0.212176
5125;0.212182
5126;0.213057
5127;0.212582
5128;0.212585
5129;0.212768
5130;0.212506
5131;0.212695
5132;0.211685
5133;0.211182
5134;0.211289
5135;0.21177
5136;0.212132
5137;0.213114
5138;0.211547
5139;0.212126
5140;0.212195
5141;0.212097
5142;0.211178
5143;0.210845
5144;0.213356
5145;0.211087
5146;0.211676
5147;0.212141
5148;0.212173
5149;0.213488
5150;0.211931
5151;0.211257
5152;0.208771
5153;0.210587
5154;0.21285
5155;0.210905
5156;0.21228
5157;0.212
5158;0.211776
5159;0.212384
5160;0.211603
5161;0.211732
5162;0.210672
5163;0.210599
5164;0.210716
5165;0.21047
5166;0.210593
5167;0.210647
5168;0.210665
5169;0.21081
5170;0.210728
5171;0.210464
5172;0.209775
5173;0.209281
5174;0.209621
5175;0.209252
5176;0.210754
5177;0.210625
5178;0.210489
5179;0.210162
5180;0.210848
5181;0.210791
5182;0.20906
5183;0.209636
5184;0.209828
5185;0.209186
5186;0.210187
5187;0.210266
5188;0.209929
5189;0.210398
5190;0.210014
5191;0.210303
5192;0.208862
5193;0.209205
5194;0.20895
5195;0.208516
5196;0.209539
5197;0.209035
5198;0.209101
5199;0.20975
5200;0.209617
5201;0.210514
5202;0.208585
5203;0.208711
5204;0.208179
5205;0.207263
5206;0.208765
5207;0.209067
5208;0.208777
5209;0.208912
5210;0.208859
5211;0.208387
5212;0.207584
5213;0.205668
5214;0.207924
5215;0.210741
5216;0.208894
5217;0.208453
5218;0.206222
5219;0.208403
5220;0.207811
5221;0.208346
5222;0.20766
5223;0.207141
5224;0.207949
5225;0.207216
5226;0.207748
5227;0.207855
5228;0.207956
5229;0.208006
5230;0.207588
5231;0.207436
5232;0.206382
5233;0.206423
5234;0.206231
5235;0.205907
5236;0.20715
5237;0.207679
5238;0.207034
5239;0.207978
5240;0.206502
5241;0.207484
5242;0.206313
5243;0.205926
5244;0.206549
5245;0.2062
5246;0.20703
5247;0.207197
5248;0.206662
5249;0.207298
5250;0.207084
5251;0.208783
5252;0.205813
5253;0.206562
5254;0.206178
5255;0.205145
5256;0.206883
5257;0.207295
5258;0.206514
5259;0.206643
5260;0.206776
5261;0.206407
5262;0.205875
5263;0.209073
5264;0.205268
5265;0.205274
5266;0.206656
5267;0.206634
5268;0.206433
5269;0.205932
5270;0.205699
5271;0.206599
5272;0.205001
5273;0.204881
5274;0.205951
5275;0.204494
5276;0.205992
5277;0.206178
5278;0.206411
5279;0.205986
5280;0.205492
5281;0.206505
5282;0.205249
5283;0.207191
5284;0.205435
5285;0.206549
5286;0.205325
5287;0.205737
5288;0.205935
5289;0.205476
5290;0.204579
5291;0.205183
5292;0.205196
5293;0.207084
5294;0.204437
5295;0.204094
5296;0.205007
5297;0.205403
5298;0.205029
5299;0.205356
5300;0.204733
5301;0.204975
5302;0.203943
5303;0.203695
5304;0.203436
5305;0.204277
5306;0.204138
5307;0.20625
5308;0.204418
5309;0.203956
5310;0.204292
5311;0.203761
5312;0.203625
5313;0.202587
5314;0.202687
5315;0.204805
5316;0.20303
5317;0.204088
5318;0.204305
5319;0.204154
5320;0.203915
5321;0.203597
5322;0.202706
5323;0.201863
5324;0.202552
5325;0.201907
5326;0.203351
5327;0.201318
5328;0.20338
5329;0.202876
5330;0.202562
5331;0.202728
5332;0.200768
5333;0.201356
5334;0.20158
5335;0.200988
5336;0.202458
5337;0.202574
5338;0.202395
5339;0.202857
5340;0.201986
5341;0.202071
5342;0.199222
5343;0.200812
5344;0.200724
5345;0.200453
5346;0.202426
5347;0.201982
5348;0.201337
5349;0.20265
5350;0.20147
5351;0.201344
5352;0.200415
5353;0.201737
5354;0.200324
5355;0.200632
5356;0.200875
5357;0.198401
5358;0.201536
5359;0.201451
5360;0.20095
5361;0.201073
5362;0.199726
5363;0.19988
5364;0.199949
5365;0.199358
5366;0.200428
5367;0.20039
5368;0.200006
5369;0.200422
5370;0.200289
5371;0.19977
5372;0.199056
5373;0.19916
5374;0.19943
5375;0.198719
5376;0.199562
5377;0.199679
5378;0.199569
5379;0.197772
5380;0.198923
5381;0.195729
5382;0.197819
5383;0.197926
5384;0.19837
5385;0.197425
5386;0.198719
5387;0.19842
5388;0.198895
5389;0.197945
5390;0.197945
5391;0.199204
5392;0.196642
5393;0.196535
5394;0.197224
5395;0.196928
5396;0.19775
5397;0.197665
5398;0.198121
5399;0.197243
5400;0.198187
5401;0.197186
5402;0.196689
5403;0.196248
5404;0.196368
5405;0.195909
5406;0.197425
5407;0.197617
5408;0.196717
5409;0.197633
5410;0.197337
5411;0.196252
5412;0.196204
5413;0.195811
5414;0.193876
5415;0.197035
5416;0.195515
5417;0.195525
5418;0.196327
5419;0.19684
5420;0.196116
5421;0.196418
5422;0.194659
5423;0.196028
5424;0.194968
5425;0.194285
5426;0.19588
5427;0.196541
5428;0.19526
5429;0.194933
5430;0.19499
5431;0.194653
5432;0.192365
5433;0.193787
5434;0.194108
5435;0.194448
5436;0.195314
5437;0.192604
5438;0.195462
5439;0.194609
5440;0.195257
5441;0.192746
5442;0.195717
5443;0.193246
5444;0.193567
5445;0.193979
5446;0.194074
5447;0.194612
5448;0.193617
5449;0.194407
5450;0.193882
5451;0.194115
5452;0.192406
5453;0.193035
5454;0.192006
5455;0.192346
5456;0.193438
5457;0.19335
5458;0.192966
5459;0.193507
5460;0.193419
5461;0.194124
5462;0.191386
5463;0.190996
5464;0.191726
5465;0.191468
5466;0.192985
5467;0.192491
5468;0.193809
5469;0.191713
5470;0.191805
5471;0.192629
5472;0.190754
5473;0.190974
5474;0.190558
5475;0.190351
5476;0.19092
5477;0.189841
5478;0.191226
5479;0.190867
5480;0.191119
5481;0.191213
5482;0.19036
5483;0.189643
5484;0.189646
5485;0.190121
5486;0.190055
5487;0.190587
5488;0.190602
5489;0.1907
5490;0.189687
5491;0.188692
5492;0.188595
5493;0.188654
5494;0.188761
5495;0.188167
5496;0.189539
5497;0.1894
5498;0.188994
5499;0.189929
5500;0.188909
5501;0.188211
5502;0.188355
5503;0.187713
5504;0.189035
5505;0.187767
5506;0.188768
5507;0.188277
5508;0.188217
5509;0.189202
5510;0.188
5511;0.187506
5512;0.187553
5513;0.187474
5514;0.187399
5515;0.185611
5516;0.188484
5517;0.188148
5518;0.184922
5519;0.188201
5520;0.187751
5521;0.188415
5522;0.186558
5523;0.186168
5524;0.186332
5525;0.18485
5526;0.1876
5527;0.187396
5528;0.186977
5529;0.187163
5530;0.186681
5531;0.188632
5532;0.185422
5533;0.185054
5534;0.184975
5535;0.186543
5536;0.185916
5537;0.185702
5538;0.186127
5539;0.185492
5540;0.185712
5541;0.184028
5542;0.185054
5543;0.184
5544;0.184717
5545;0.182294
5546;0.185457
5547;0.185051
5548;0.186288
5549;0.184384
5550;0.18422
5551;0.184544
5552;0.184
5553;0.182725
5554;0.183068
5555;0.182964
5556;0.184812
5557;0.183556
5558;0.184551
5559;0.181463
5560;0.183389
5561;0.183207
5562;0.181655
5563;0.181174
5564;0.182149
5565;0.180727
5566;0.182669
5567;0.182127
5568;0.181621
5569;0.18073
5570;0.18186
5571;0.182577
5572;0.180815
5573;0.180469
5574;0.180689
5575;0.179949
5576;0.179764
5577;0.181186
5578;0.180761
5579;0.180387
5580;0.181051
5581;0.180752
5582;0.178883
5583;0.181866
5584;0.178999
5585;0.178234
5586;0.17966
5587;0.178927
5588;0.177901
5589;0.179839
5590;0.178832
5591;0.179024
5592;0.177385
5593;0.177869
5594;0.177381
5595;0.177045
5596;0.177728
5597;0.178222
5598;0.177155
5599;0.178511
5600;0.17758
5601;0.178049
5602;0.175647
5603;0.176267
5604;0.176145
5605;0.175046
5606;0.175978
5607;0.176428
5608;0.175953
5609;0.178458
5610;0.17544
5611;0.175575
5612;0.174269
5613;0.173731
5614;0.175147
5615;0.174958
5616;0.175389
5617;0.175012
5618;0.174634
5619;0.175103
5620;0.174382
5621;0.174455
5622;0.173013
5623;0.171339
5624;0.172585
5625;0.172494
5626;0.173202
5627;0.1734
5628;0.172806
5629;0.173177
5630;0.172645
5631;0.175071
5632;0.17217
5633;0.172466
5634;0.171358
5635;0.171144
5636;0.170137
5637;0.171754
5638;0.171584
5639;0.171307
5640;0.171603
5641;0.169602
5642;0.169526
5643;0.171024
5644;0.170933
5645;0.169523
5646;0.170304
5647;0.169791
5648;0.169696
5649;0.169152
5650;0.169791
5651;0.169728
5652;0.167622
5653;0.167754
5654;0.167021
5655;0.16687
5656;0.168365
5657;0.168554
5658;0.168141
5659;0.167808
5660;0.168201
5661;0.167613
5662;0.166061
5663;0.165784
5664;0.166086
5665;0.166008
5666;0.166455
5667;0.167424
5668;0.166187
5669;0.166096
5670;0.166112
5671;0.165259
5672;0.164931
5673;0.162555
5674;0.164189
5675;0.164604
5676;0.164758
5677;0.165293
5678;0.165284
5679;0.16529
5680;0.163877
5681;0.162165
5682;0.163392
5683;0.163606
5684;0.163358
5685;0.161259
5686;0.163865
5687;0.163056
5688;0.164809
5689;0.16292
5690;0.163292
5691;0.16326
5692;0.162927
5693;0.16118
5694;0.161932
5695;0.160588
5696;0.162706
5697;0.162502
5698;0.162455
5699;0.162294
5700;0.162593
5701;0.162001
5702;0.159673
5703;0.160913
5704;0.160881
5705;0.160702
5706;0.161463
5707;0.160529
5708;0.16113
5709;0.161211
5710;0.161051
5711;0.160069
5712;0.160116
5713;0.160085
5714;0.159695
5715;0.159968
5716;0.160897
5717;0.161139
5718;0.160862
5719;0.161167
5720;0.155405
5721;0.161164
5722;0.159651
5723;0.161923
5724;0.159518
5725;0.159547
5726;0.16011
5727;0.160418
5728;0.159487
5729;0.160566
5730;0.159389
5731;0.159811
5732;0.158571
5733;0.158193
5734;0.15875
5735;0.158036
5736;0.159459
5737;0.159301
5738;0.158385
5739;0.158555
5740;0.158603
5741;0.158392
5742;0.156979
5743;0.157082
5744;0.157599
5745;0.157139
5746;0.158574
5747;0.158552
5748;0.1583
5749;0.15792
5750;0.157935
5751;0.158152
5752;0.155732
5753;0.1578
5754;0.157067
5755;0.155874
5756;0.157762
5757;0.158681
5758;0.15785
5759;0.157835
5760;0.157816
5761;0.157158
5762;0.156431
5763;0.156245
5764;0.155732
5765;0.155525
5766;0.156922
5767;0.156614
5768;0.156887
5769;0.156582
5770;0.156604
5771;0.15656
5772;0.155071
5773;0.156746
5774;0.155572
5775;0.15554
5776;0.156859
5777;0.157064
5778;0.156349
5779;0.1565
5780;0.155987
5781;0.155285
5782;0.154442
5783;0.154795
5784;0.152437
5785;0.155103
5786;0.15498
5787;0.156359
5788;0.155314
5789;0.156034
5790;0.15492
5791;0.155562
5792;0.154606
5793;0.153806
5794;0.15364
5795;0.151263
5796;0.154533
5797;0.155276
5798;0.155103
5799;0.155175
5800;0.15447
5801;0.154162
5802;0.152828
5803;0.152667
5804;0.152947
5805;0.152614
5806;0.153378
5807;0.153828
5808;0.153942
5809;0.153444
5810;0.153337
5811;0.153545
5812;0.152261
5813;0.152094
5814;0.152327
5815;0.152711
5816;0.152588
5817;0.153234
5818;0.152916
5819;0.153369
5820;0.15307
5821;0.153205
5822;0.15188
5823;0.151172
5824;0.151245
5825;0.150603
5826;0.151078
5827;0.152636
5828;0.15194
5829;0.151012
5830;0.151556
5831;0.150886
5832;0.154489
5833;0.151002
5834;0.150895
5835;0.151062
5836;0.151487
5837;0.152963
5838;0.136337
5839;0.151965
5840;0.151657
5841;0.151606
5842;0.150313
5843;0.149715
5844;0.149356
5845;0.149643
5846;0.150187
5847;0.149989
5848;0.15009
5849;0.150291
5850;0.152617
5851;0.149551
5852;0.148598
5853;0.14896
5854;0.148088
5855;0.148289
5856;0.14896
5857;0.148975
5858;0.149633
5859;0.148582
5860;0.149199
5861;0.148752
5862;0.147588
5863;0.14727
5864;0.146581
5865;0.147566
5866;0.148802
5867;0.147814
5868;0.147707
5869;0.147776
5870;0.147732
5871;0.147723
5872;0.146678
5873;0.149089
5874;0.145976
5875;0.147125
5876;0.14738
5877;0.146754
5878;0.146999
5879;0.144157
5880;0.146801
5881;0.14721
5882;0.145709
5883;0.144935
5884;0.145533
5885;0.14502
5886;0.145388
5887;0.14585
5888;0.145016
5889;0.145923
5890;0.14551
5891;0.145262
5892;0.144167
5893;0.142946
5894;0.144343
5895;0.144887
5896;0.145001
5897;0.145051
5898;0.145448
5899;0.143087
5900;0.144148
5901;0.144208
5902;0.142464
5903;0.143106
5904;0.1432
5905;0.144711
5906;0.143238
5907;0.143795
5908;0.143459
5909;0.142278
5910;0.1431
5911;0.143865
5912;0.142313
5913;0.141794
5914;0.141086
5915;0.142448
5916;0.143188
5917;0.142716
5918;0.143141
5919;0.14259
5920;0.142489
5921;0.137882
5922;0.141592
5923;0.141454
5924;0.142241
5925;0.141658
5926;0.142568
5927;0.1418
5928;0.142042
5929;0.142543
5930;0.142143
5931;0.1409
5932;0.14084
5933;0.140708
5934;0.140994
5935;0.140422
5936;0.142178
5937;0.142042
5938;0.141495
5939;0.141816
5940;0.141149
5941;0.142108
5942;0.140195
5943;0.139968
5944;0.138156
5945;0.139761
5946;0.141599
5947;0.140768
5948;0.140935
5949;0.140906
5950;0.140365
5951;0.140862
5952;0.139616
5953;0.139232
5954;0.142407
5955;0.140551
5956;0.140371
5957;0.140557
5958;0.141369
5959;0.141724
5960;0.140557
5961;0.138779
5962;0.139839
5963;0.139729
5964;0.139141
5965;0.139641
5966;0.140255
5967;0.142741
5968;0.139902
5969;0.140475
5970;0.139909
5971;0.140179
5972;0.138895
5973;0.138225
5974;0.13673
5975;0.138955
5976;0.140173
5977;0.13977
5978;0.140082
5979;0.140761
5980;0.139616
5981;0.141809
5982;0.138222
5983;0.138426
5984;0.138379
5985;0.137577
5986;0.139219
5987;0.139503
5988;0.138889
5989;0.139455
5990;0.139522
5991;0.138942
5992;0.138426
5993;0.13859
5994;0.138477
5995;0.138127
5996;0.139119
5997;0.14045
5998;0.139909
5999;0.138483
6000;0.138719
6001;0.139713
6002;0.138546
6003;0.137237
6004;0.138102
6005;0.138278
6006;0.140724
6007;0.139682
6008;0.139569
6009;0.140271
6010;0.13909
6011;0.13988
6012;0.138074
6013;0.136724
6014;0.138618
6015;0.139968
6016;0.140157
6017;0.138835
6018;0.139424
6019;0.140525
6020;0.13978
6021;0.139987
6022;0.138499
6023;0.138074
6024;0.138939
6025;0.139402
6026;0.139613
6027;0.139978
6028;0.140447
6029;0.14023
6030;0.139909
6031;0.138958
6032;0.13882
6033;0.139213
6034;0.138165
6035;0.139317
6036;0.139701
6037;0.140919
6038;0.13972
6039;0.139559
6040;0.140897
6041;0.136563
6042;0.139056
6043;0.137665
6044;0.140003
6045;0.138269
6046;0.13966
6047;0.139298
6048;0.140204
6049;0.140289
6050;0.139547
6051;0.140176
6052;0.140953
6053;0.138407
6054;0.138722
6055;0.136129
6056;0.13983
6057;0.1404
6058;0.139874
6059;0.140299
6060;0.140488
6061;0.140176
6062;0.139902
6063;0.138782
6064;0.139717
6065;0.138964
6066;0.140308
6067;0.140349
6068;0.139569
6069;0.141344
6070;0.139736
6071;0.140793
6072;0.139581
6073;0.139883
6074;0.139037
6075;0.13982
6076;0.140346
6077;0.14191
6078;0.14068
6079;0.141259
6080;0.140434
6081;0.141422
6082;0.140544
6083;0.140195
6084;0.14033
6085;0.140016
6086;0.140632
6087;0.140982
6088;0.141498
6089;0.142001
6090;0.142052
6091;0.141737
6092;0.140472
6093;0.140126
6094;0.140245
6095;0.140941
6096;0.143191
6097;0.137319
6098;0.142222
6099;0.142363
6100;0.14231
6101;0.14253
6102;0.140944
6103;0.142212
6104;0.140988
6105;0.141268
6106;0.143046
6107;0.14462
6108;0.143009
6109;0.142489
6110;0.143197
6111;0.142023
6112;0.141907
6113;0.141665
6114;0.142231
6115;0.142502
6116;0.143767
6117;0.141271
6118;0.144113
6119;0.143783
6120;0.1436
6121;0.144063
6122;0.143188
6123;0.144403
6124;0.14203
6125;0.144119
6126;0.144507
6127;0.143496
6128;0.144176
6129;0.146766
6130;0.144324
6131;0.144544
6132;0.143292
6133;0.142102
6134;0.144072
6135;0.142083
6136;0.144481
6137;0.145806
6138;0.144878
6139;0.145671
6140;0.145319
6141;0.144541
6142;0.143182
6143;0.142464
6144;0.142285
6145;0.143531
6146;0.144699
6147;0.143758
6148;0.14428
6149;0.144012
6150;0.144651
6151;0.144274
6152;0.145196
6153;0.142735
6154;0.143849
6155;0.142854
6156;0.145677
6157;0.145001
6158;0.14489
6159;0.141734
6160;0.145278
6161;0.145721
6162;0.144865
6163;0.145504
6164;0.144727
6165;0.14563
6166;0.147138
6167;0.145888
6168;0.145234
6169;0.145668
6170;0.146363
6171;0.145419
6172;0.144768
6173;0.145334
6174;0.144953
6175;0.144157
6176;0.146231
6177;0.145501
6178;0.146344
6179;0.144393
6180;0.146845
6181;0.147018
6182;0.145863
6183;0.14512
6184;0.146061
6185;0.145164
6186;0.147049
6187;0.146936
6188;0.146845
6189;0.145312
6190;0.146439
6191;0.146898
6192;0.145957
6193;0.14467
6194;0.146294
6195;0.144629
6196;0.14766
6197;0.147537
6198;0.14709
6199;0.147307
6200;0.148041
6201;0.147544
6202;0.146536
6203;0.146788
6204;0.146543
6205;0.147156
6206;0.147421
6207;0.147789
6208;0.14682
6209;0.149013
6210;0.147682
6211;0.147789
6212;0.146817
6213;0.146902
6214;0.146889
6215;0.146688
6216;0.149101
6217;0.146917
6218;0.148462
6219;0.146732
6220;0.148009
6221;0.148321
6222;0.147012
6223;0.146404
6224;0.147333
6225;0.151024
6226;0.148116
6227;0.148293
6228;0.148003
6229;0.148799
6230;0.148412
6231;0.148601
6232;0.147547
6233;0.145976
6234;0.147581
6235;0.147899
6236;0.148308
6237;0.148708
6238;0.147569
6239;0.148447
6240;0.147868
6241;0.149054
6242;0.147783
6243;0.147411
6244;0.147411
6245;0.147562
6246;0.148289
6247;0.149564
6248;0.148815
6249;0.148566
6250;0.148201
6251;0.146716
6252;0.147188
6253;0.146946
6254;0.147377
6255;0.147487
6256;0.148749
6257;0.148746
6258;0.148381
6259;0.149243
6260;0.148922
6261;0.149004
6262;0.147471
6263;0.14771
6264;0.147578
6265;0.148305
6266;0.148198
6267;0.148088
6268;0.149617
6269;0.149032
6270;0.148088
6271;0.148777
6272;0.146732
6273;0.147059
6274;0.147972
6275;0.147204
6276;0.148047
6277;0.149287
6278;0.148245
6279;0.148031
6280;0.147437
6281;0.14687
6282;0.14744
6283;0.147399
6284;0.14991
6285;0.147931
6286;0.148034
6287;0.147462
6288;0.1485
6289;0.148941
6290;0.148173
6291;0.148145
6292;0.147068
6293;0.148453
6294;0.147081
6295;0.148343
6296;0.148182
6297;0.147106
6298;0.14816
6299;0.148261
6300;0.146779
6301;0.148551
6302;0.147506
6303;0.147704
6304;0.147156
6305;0.146876
6306;0.148126
6307;0.146735
6308;0.147628
6309;0.148255
6310;0.148255
6311;0.147893
6312;0.147056
6313;0.147282
6314;0.147326
6315;0.146367
6316;0.147521
6317;0.148758
6318;0.148006
6319;0.148157
6320;0.147742
6321;0.147808
6322;0.149296
6323;0.147232
6324;0.146634
6325;0.144582
6326;0.147641
6327;0.147635
6328;0.147487
6329;0.148034
6330;0.147307
6331;0.147437
6332;0.146496
6333;0.146407
6334;0.146653
6335;0.146571
6336;0.147855
6337;0.148034
6338;0.147358
6339;0.146795
6340;0.146835
6341;0.147606
6342;0.146326
6343;0.146197
6344;0.146237
6345;0.14592
6346;0.146706
6347;0.147097
6348;0.14754
6349;0.146568
6350;0.147295
6351;0.147081
6352;0.146451
6353;0.146162
6354;0.14551
6355;0.146083
6356;0.147323
6357;0.147075
6358;0.145548
6359;0.148189
6360;0.14749
6361;0.147556
6362;0.147364
6363;0.145611
6364;0.14501
6365;0.144258
6366;0.144588
6367;0.1444
6368;0.144761
6369;0.14484
6370;0.147043
6371;0.144645
6372;0.143499
6373;0.144359
6374;0.144154
6375;0.143827
6376;0.144994
6377;0.14501
6378;0.14479
6379;0.142864
6380;0.1458
6381;0.145054
6382;0.143921
6383;0.143078
6384;0.14399
6385;0.143833
6386;0.145762
6387;0.145252
6388;0.14732
6389;0.14495
6390;0.144982
6391;0.144614
6392;0.143956
6393;0.143877
6394;0.144003
6395;0.143361
6396;0.145728
6397;0.144966
6398;0.144686
6399;0.145866
6400;0.145473
6401;0.146027
6402;0.144201
6403;0.14343
6404;0.143839
6405;0.143748
6406;0.145341
6407;0.146165
6408;0.144727
6409;0.145029
6410;0.144928
6411;0.145646
6412;0.144966
6413;0.143622
6414;0.143707
6415;0.144066
6416;0.144261
6417;0.145296
6418;0.146253
6419;0.145592
6420;0.145872
6421;0.145234
6422;0.14445
6423;0.145366
6424;0.144739
6425;0.14433
6426;0.145224
6427;0.145869
6428;0.145281
6429;0.145243
6430;0.145828
6431;0.145495
6432;0.144705
6433;0.145057
6434;0.144217
6435;0.145054
6436;0.145536
6437;0.146477
6438;0.145602
6439;0.145391
6440;0.146423
6441;0.1458
6442;0.144481
6443;0.144211
6444;0.144447
6445;0.14592
6446;0.146096
6447;0.146961
6448;0.144953
6449;0.147418
6450;0.146212
6451;0.145838
6452;0.14461
6453;0.144233
6454;0.144821
6455;0.144802
6456;0.145901
6457;0.147468
6458;0.146883
6459;0.146565
6460;0.146461
6461;0.145586
6462;0.145444
6463;0.144582
6464;0.1471
6465;0.145174
6466;0.146197
6467;0.14648
6468;0.146275
6469;0.14687
6470;0.14552
6471;0.149026
6472;0.145747
6473;0.145992
6474;0.145633
6475;0.146011
6476;0.147345
6477;0.146552
6478;0.14777
6479;0.143525
6480;0.147128
6481;0.146999
6482;0.146149
6483;0.146596
6484;0.14692
6485;0.144271
6486;0.147116
6487;0.146832
6488;0.146451
6489;0.147562
6490;0.147578
6491;0.146974
6492;0.146483
6493;0.146313
6494;0.145781
6495;0.146404
6496;0.148179
6497;0.148025
6498;0.147865
6499;0.147918
6500;0.1471
6501;0.147927
6502;0.149422
6503;0.147116
6504;0.146429
6505;0.14636
6506;0.1472
6507;0.148176
6508;0.147496
6509;0.148305
6510;0.146332
6511;0.148016
6512;0.145775
6513;0.147342
6514;0.147112
6515;0.147433
6516;0.147802
6517;0.148003
6518;0.147676
6519;0.148944
6520;0.148592
6521;0.148466
6522;0.146316
6523;0.14992
6524;0.147887
6525;0.147887
6526;0.149353
6527;0.148396
6528;0.148582
6529;0.148758
6530;0.148403
6531;0.149073
6532;0.147905
6533;0.147342
6534;0.148186
6535;0.147707
6536;0.14885
6537;0.148639
6538;0.148903
6539;0.148724
6540;0.149806
6541;0.149649
6542;0.14896
6543;0.147361
6544;0.149385
6545;0.148003
6546;0.148969
6547;0.149042
6548;0.148872
6549;0.148743
6550;0.148368
6551;0.148903
6552;0.147871
6553;0.147874
6554;0.146448
6555;0.149073
6556;0.149161
6557;0.149671
6558;0.14951
6559;0.14884
6560;0.149784
6561;0.149482
6562;0.148507
6563;0.148972
6564;0.148683
6565;0.148324
6566;0.148834
6567;0.149702
6568;0.149023
6569;0.149869
6570;0.149252
6571;0.149599
6572;0.148941
6573;0.148151
6574;0.148862
6575;0.148374
6576;0.150005
6577;0.149948
6578;0.148343
6579;0.149344
6580;0.149709
6581;0.150414
6582;0.149186
6583;0.14851
6584;0.148079
6585;0.148991
6586;0.149227
6587;0.150118
6588;0.149385
6589;0.149375
6590;0.148475
6591;0.149986
6592;0.148516
6593;0.148717
6594;0.148796
6595;0.148802
6596;0.149479
6597;0.150565
6598;0.149891
6599;0.149998
6600;0.148853
6601;0.149894
6602;0.1484
6603;0.148658
6604;0.148787
6605;0.148579
6606;0.149781
6607;0.149633
6608;0.1493
6609;0.149422
6610;0.149533
6611;0.149586
6612;0.14845
6613;0.148198
6614;0.149397
6615;0.149079
6616;0.149038
6617;0.149536
6618;0.149268
6619;0.150108
6620;0.15025
6621;0.150798
6622;0.148796
6623;0.149045
6624;0.148406
6625;0.147496
6626;0.148969
6627;0.149394
6628;0.14895
6629;0.149051
6630;0.149042
6631;0.148614
6632;0.14788
6633;0.146804
6634;0.146832
6635;0.149652
6636;0.149658
6637;0.150259
6638;0.149636
6639;0.15003
6640;0.149448
6641;0.15031
6642;0.148507
6643;0.147902
6644;0.148875
6645;0.148645
6646;0.149356
6647;0.149189
6648;0.149234
6649;0.148982
6650;0.149696
6651;0.149702
6652;0.148248
6653;0.147953
6654;0.149555
6655;0.148632
6656;0.149158
6657;0.149177
6658;0.149139
6659;0.149246
6660;0.149347
6661;0.149702
6662;0.148447
6663;0.148645
6664;0.148343
6665;0.148141
6666;0.148739
6667;0.149246
6668;0.14912
6669;0.15222
6670;0.1494
6671;0.149485
6672;0.148176
6673;0.150181
6674;0.150659
6675;0.150442
6676;0.14856
6677;0.148815
6678;0.148815
6679;0.148768
6680;0.149284
6681;0.148922
6682;0.147789
6683;0.147411
6684;0.147792
6685;0.147824
6686;0.147883
6687;0.148362
6688;0.148028
6689;0.148466
6690;0.147909
6691;0.148828
6692;0.14733
6693;0.147213
6694;0.14794
6695;0.147049
6696;0.14929
6697;0.148478
6698;0.148352
6699;0.148856
6700;0.148661
6701;0.147814
6702;0.148085
6703;0.147251
6704;0.147235
6705;0.147471
6706;0.150747
6707;0.147937
6708;0.14902
6709;0.149485
6710;0.148311
6711;0.14861
6712;0.146817
6713;0.146691
6714;0.146244
6715;0.147562
6716;0.146625
6717;0.147811
6718;0.146735
6719;0.147635
6720;0.147544
6721;0.147918
6722;0.146124
6723;0.146363
6724;0.146505
6725;0.145149
6726;0.147625
6727;0.147254
6728;0.14716
6729;0.147147
6730;0.147443
6731;0.146206
6732;0.146143
6733;0.145831
6734;0.14619
6735;0.145747
6736;0.148025
6737;0.147802
6738;0.148066
6739;0.147984
6740;0.148154
6741;0.147902
6742;0.146247
6743;0.145706
6744;0.145926
6745;0.146297
6746;0.146744
6747;0.146505
6748;0.146634
6749;0.146001
6750;0.145907
6751;0.146455
6752;0.145451
6753;0.145573
6754;0.144507
6755;0.145699
6756;0.145791
6757;0.146436
6758;0.1462
6759;0.145876
6760;0.145611
6761;0.145844
6762;0.145256
6763;0.144859
6764;0.144708
6765;0.14552
6766;0.146426
6767;0.145627
6768;0.145916
6769;0.148727
6770;0.145448
6771;0.14502
6772;0.144057
6773;0.144091
6774;0.143622
6775;0.144233
6776;0.144573
6777;0.145171
6778;0.144689
6779;0.144872
6780;0.142599
6781;0.143723
6782;0.14473
6783;0.143679
6784;0.14395
6785;0.144148
6786;0.1449
6787;0.144695
6788;0.144447
6789;0.144834
6790;0.143849
6791;0.144412
6792;0.141828
6793;0.143087
6794;0.143279
6795;0.143691
6796;0.144689
6797;0.144456
6798;0.144488
6799;0.144261
6800;0.14406
6801;0.143764
6802;0.142741
6803;0.142684
6804;0.142429
6805;0.142917
6806;0.143729
6807;0.144374
6808;0.143698
6809;0.142322
6810;0.145183
6811;0.142549
6812;0.142121
6813;0.142165
6814;0.142036
6815;0.141888
6816;0.143651
6817;0.144022
6818;0.142603
6819;0.144157
6820;0.140925
6821;0.143666
6822;0.14265
6823;0.141923
6824;0.141938
6825;0.141488
6826;0.143131
6827;0.143279
6828;0.142565
6829;0.142401
6830;0.143959
6831;0.141957
6832;0.139836
6833;0.141363
6834;0.140661
6835;0.140588
6836;0.141734
6837;0.142039
6838;0.141825
6839;0.141894
6840;0.140831
6841;0.141536
6842;0.139811
6843;0.140922
6844;0.140041
6845;0.140182
6846;0.140226
6847;0.141621
6848;0.1414
6849;0.141809
6850;0.14124
6851;0.140818
6852;0.140057
6853;0.139578
6854;0.143191
6855;0.139635
6856;0.141042
6857;0.137769
6858;0.140642
6859;0.140784
6860;0.140381
6861;0.13989
6862;0.139839
6863;0.139285
6864;0.13871
6865;0.140865
6866;0.140469
6867;0.13995
6868;0.140488
6869;0.140535
6870;0.140173
6871;0.139446
6872;0.139531
6873;0.14017
6874;0.139465
6875;0.139263
6876;0.139698
6877;0.140897
6878;0.139125
6879;0.140749
6880;0.140507
6881;0.140736
6882;0.138212
6883;0.138643
6884;0.138876
6885;0.138791
6886;0.139339
6887;0.139962
6888;0.140031
6889;0.140906
6890;0.14163
6891;0.13758
6892;0.136462
6893;0.136695
6894;0.136444
6895;0.137577
6896;0.139062
6897;0.138376
6898;0.137882
6899;0.13673
6900;0.135477
6901;0.136569
6902;0.137309
6903;0.137111
6904;0.137265
6905;0.137224
6906;0.138055
6907;0.138307
6908;0.138609
6909;0.138524
6910;0.137482
6911;0.139213
6912;0.139852
6913;0.138999
6914;0.138291
6915;0.137662
6916;0.138162
6917;0.137935
6918;0.138121
6919;0.13916
6920;0.13882
6921;0.138571
6922;0.136547
6923;0.13623
6924;0.136721
6925;0.137076
6926;0.136831
6927;0.137797
6928;0.137504
6929;0.137529
6930;0.136988
6931;0.137274
6932;0.136469
6933;0.134946
6934;0.13611
6935;0.135726
6936;0.134253
6937;0.134902
6938;0.136431
6939;0.136988
6940;0.13662
6941;0.136862
6942;0.135194
6943;0.135131
6944;0.135616
6945;0.135396
6946;0.136299
6947;0.135792
6948;0.136025
6949;0.135729
6950;0.136154
6951;0.136028
6952;0.134628
6953;0.134338
6954;0.134338
6955;0.13374
6956;0.136069
6957;0.136324
6958;0.135795
6959;0.135043
6960;0.135459
6961;0.135629
6962;0.134326
6963;0.133876
6964;0.133935
6965;0.133841
6966;0.134143
6967;0.134511
6968;0.134621
6969;0.134304
6970;0.134883
6971;0.135024
6972;0.136226
6973;0.133315
6974;0.133926
6975;0.133407
6976;0.134124
6977;0.134798
6978;0.134209
6979;0.13447
6980;0.135235
6981;0.133753
6982;0.132437
6983;0.136226
6984;0.132592
6985;0.133013
6986;0.13351
6987;0.133775
6988;0.132651
6989;0.133668
6990;0.133183
6991;0.133891
6992;0.132349
6993;0.131764
6994;0.132157
6995;0.132129
6996;0.129038
6997;0.133045
6998;0.133013
6999;0.132862
7000;0.133212
7001;0.132522
7002;0.13137
7003;0.131839
7004;0.13042
7005;0.130996
7006;0.132478
7007;0.132485
7008;0.133123
7009;0.132777
7010;0.132425
7011;0.129495
7012;0.131795
7013;0.132129
7014;0.132198
7015;0.131383
7016;0.132667
7017;0.132252
7018;0.133344
7019;0.132944
7020;0.1316
7021;0.131695
7022;0.131285
7023;0.132425
7024;0.131392
7025;0.131679
7026;0.130924
7027;0.132324
7028;0.132774
7029;0.13295
7030;0.132821
7031;0.131528
7032;0.129045
7033;0.130423
7034;0.130942
7035;0.132378
7036;0.131742
7037;0.131433
7038;0.131547
7039;0.131679
7040;0.130983
7041;0.130014
7042;0.129838
7043;0.130593
7044;0.130017
7045;0.129765
7046;0.130322
7047;0.130215
7048;0.13031
7049;0.130492
7050;0.129577
7051;0.130209
7052;0.129183
7053;0.128846
7054;0.129067
7055;0.130414
7056;0.130146
7057;0.13048
7058;0.129765
7059;0.128356
7060;0.129828
7061;0.129523
7062;0.129441
7063;0.129108
7064;0.129186
7065;0.128223
7066;0.129278
7067;0.129038
7068;0.128617
7069;0.128692
7070;0.129032
7071;0.129624
7072;0.126946
7073;0.127786
7074;0.127745
7075;0.127584
7076;0.129473
7077;0.129136
7078;0.127915
7079;0.128352
7080;0.128837
7081;0.129432
7082;0.128469
7083;0.126691
7084;0.127569
7085;0.128321
7086;0.128333
7087;0.128431
7088;0.128025
7089;0.128891
7090;0.128016
7091;0.127943
7092;0.126725
7093;0.12733
7094;0.126845
7095;0.126999
7096;0.128475
7097;0.128412
7098;0.127739
7099;0.128167
7100;0.127333
7101;0.128145
7102;0.126489
7103;0.125957
7104;0.126722
7105;0.126275
7106;0.127125
7107;0.127298
7108;0.126741
7109;0.127273
7110;0.126719
7111;0.126892
7112;0.126068
7113;0.126772
7114;0.125992
7115;0.127094
7116;0.126253
7117;0.127537
7118;0.127924
7119;0.126634
7120;0.126197
7121;0.126722
7122;0.126222
7123;0.125668
7124;0.124947
7125;0.125495
7126;0.126068
7127;0.126917
7128;0.125507
7129;0.126411
7130;0.126023
7131;0.126203
7132;0.124878
7133;0.125265
7134;0.124982
7135;0.125249
7136;0.12512
7137;0.126093
7138;0.126033
7139;0.126256
7140;0.124418
7141;0.126181
7142;0.124378
7143;0.122555
7144;0.124378
7145;0.124415
7146;0.125407
7147;0.12681
7148;0.1262
7149;0.124938
7150;0.1245
7151;0.125451
7152;0.123613
7153;0.123887
7154;0.124138
7155;0.124768
7156;0.124714
7157;0.125054
7158;0.1244
7159;0.1254
7160;0.12506
7161;0.124721
7162;0.123597
7163;0.124195
7164;0.123817
7165;0.122326
7166;0.123997
7167;0.124865
7168;0.124315
7169;0.12523
7170;0.124214
7171;0.122839
7172;0.12614
7173;0.123921
7174;0.123459
7175;0.122656
7176;0.123946
7177;0.122253
7178;0.121809
7179;0.124343
7180;0.124107
7181;0.124327
7182;0.122656
7183;0.122848
7184;0.123241
7185;0.123175
7186;0.123449
7187;0.123147
7188;0.123049
7189;0.12378
7190;0.123556
7191;0.123078
7192;0.122725
7193;0.122958
7194;0.122706
7195;0.122747
7196;0.124324
7197;0.123748
7198;0.123248
7199;0.123427
7200;0.12309
7201;0.122499
7202;0.122219
7203;0.122505
7204;0.122354
7205;0.121643
7206;0.122942
7207;0.123094
7208;0.123141
7209;0.12271
7210;0.122546
7211;0.122987
7212;0.1214
7213;0.121611
7214;0.121573
7215;0.121098
7216;0.118209
7217;0.118684
7218;0.119896
7219;0.120494
7220;0.122159
7221;0.122555
7222;0.121394
7223;0.121344
7224;0.120327
7225;0.124069
7226;0.122426
7227;0.122615
7228;0.122039
7229;0.121514
7230;0.121709
7231;0.121756
7232;0.121001
7233;0.120865
7234;0.120412
7235;0.120418
7236;0.121935
7237;0.121772
7238;0.121312
7239;0.121259
7240;0.121542
7241;0.121202
7242;0.119688
7243;0.120107
7244;0.120387
7245;0.120686
7246;0.12061
7247;0.121813
7248;0.121001
7249;0.120135
7250;0.120252
7251;0.119946
7252;0.117649
7253;0.117809
7254;0.118263
