Lenlab red 7.0 Logger-Daten
Zeit;Kanal_3
0;0.110587
1;0.128396
2;0.141564
3;0.151729
4;0.162946
5;0.174023
6;0.184355
7;0.193734
8;0.202757
9;0.212563
10;0.219462
11;0.228636
12;0.237007
13;0.244824
14;0.254577
15;0.261687
16;0.271691
17;0.280041
18;0.285721
19;0.295619
20;0.303059
21;0.310577
22;0.317964
23;0.32541
24;0.334338
25;0.342461
26;0.349435
27;0.357196
28;0.363886
29;0.370898
30;0.377309
31;0.385183
32;0.391767
33;0.399845
34;0.405995
35;0.414926
36;0.419697
37;0.427077
38;0.433092
39;0.439697
40;0.446045
41;0.452783
42;0.458914
43;0.465812
44;0.471631
45;0.478118
46;0.484223
47;0.490445
48;0.496409
49;0.504003
50;0.507987
51;0.512793
52;0.519228
53;0.526092
54;0.531729
55;0.536852
56;0.542533
57;0.548569
58;0.553784
59;0.559678
60;0.565708
61;0.570162
62;0.573866
63;0.578354
64;0.585098
65;0.590866
66;0.596021
67;0.601328
68;0.605903
69;0.61114
70;0.614265
71;0.618668
72;0.624078
73;0.628852
74;0.635581
75;0.639987
76;0.643798
77;0.649422
78;0.654234
79;0.659486
80;0.662662
81;0.66866
82;0.673113
83;0.677598
84;0.682212
85;0.686552
86;0.690514
87;0.6957
88;0.698917
89;0.70399
90;0.706999
91;0.710593
92;0.715181
93;0.719376
94;0.724327
95;0.727886
96;0.73288
97;0.737689
98;0.740172
99;0.74489
100;0.748084
101;0.752062
102;0.755137
103;0.759231
104;0.764002
105;0.76861
106;0.772512
107;0.776751
108;0.7801
109;0.784588
110;0.785658
111;0.789689
112;0.794155
113;0.797803
114;0.800418
115;0.805472
116;0.807508
117;0.812481
118;0.815373
119;0.819055
120;0.822127
121;0.824997
122;0.828591
123;0.831549
124;0.834869
125;0.841217
126;0.841913
127;0.847577
128;0.850375
129;0.853541
130;0.855341
131;0.858577
132;0.860153
133;0.866435
134;0.870146
135;0.87119
136;0.874259
137;0.878259
138;0.880814
139;0.883647
140;0.886212
141;0.889875
142;0.892899
143;0.896169
144;0.899706
145;0.903385
146;0.905566
147;0.910177
148;0.91148
149;0.915398
150;0.916836
151;0.920742
152;0.922139
153;0.92488
154;0.928355
155;0.931105
156;0.934271
157;0.936201
158;0.937802
159;0.941743
160;0.943118
161;0.94568
162;0.94669
163;0.950284
164;0.951716
165;0.956106
166;0.957123
167;0.961519
168;0.963511
169;0.964641
170;0.969418
171;0.969522
172;0.973079
173;0.975823
174;0.978476
175;0.98223
176;0.98371
177;0.987086
178;0.988688
179;0.993484
180;0.992943
181;0.995212
182;0.997783
183;1.00014
184;1.0031
185;1.00482
186;1.00756
187;1.00963
188;1.01177
189;1.01348
190;1.01583
191;1.01758
192;1.0204
193;1.0229
194;1.02392
195;1.02745
196;1.02994
197;1.03146
198;1.03259
199;1.03534
200;1.03564
201;1.03755
202;1.03995
203;1.03993
204;1.04398
205;1.0479
206;1.04773
207;1.05038
208;1.05143
209;1.0538
210;1.05305
211;1.05646
212;1.05781
213;1.06018
214;1.0624
215;1.06529
216;1.06661
217;1.06894
218;1.0702
219;1.07253
220;1.07315
221;1.07565
222;1.07765
223;1.07961
224;1.08207
225;1.08405
226;1.08582
227;1.08822
228;1.08956
229;1.09242
230;1.09255
231;1.09407
232;1.09629
233;1.09847
234;1.10011
235;1.10397
236;1.10463
237;1.10429
238;1.10618
239;1.10851
240;1.10914
241;1.11157
242;1.11259
243;1.11464
244;1.11697
245;1.11877
246;1.12015
247;1.12277
248;1.12158
249;1.12566
250;1.12539
251;1.12916
252;1.12885
253;1.13031
254;1.13261
255;1.13435
256;1.13503
257;1.13757
258;1.13845
259;1.14081
260;1.14155
261;1.14347
262;1.1446
263;1.14787
264;1.14836
265;1.15171
266;1.15256
267;1.15412
268;1.15489
269;1.15633
270;1.15736
271;1.15725
272;1.16033
273;1.15966
274;1.16216
275;1.16412
276;1.1648
277;1.16514
278;1.16618
279;1.16911
280;1.16818
281;1.17076
282;1.17164
283;1.17244
284;1.17478
285;1.17723
286;1.1785
287;1.18147
288;1.18128
289;1.18253
290;1.18274
291;1.18442
292;1.18558
293;1.18726
294;1.18925
295;1.19064
296;1.19195
297;1.19337
298;1.19342
299;1.19498
300;1.19509
301;1.19668
302;1.19759
303;1.19854
304;1.20119
305;1.20176
306;1.20278
307;1.20409
308;1.20496
309;1.20599
310;1.20539
311;1.20711
312;1.2085
313;1.20932
314;1.21126
315;1.2125
316;1.21291
317;1.21428
318;1.21492
319;1.21736
320;1.2167
321;1.21607
322;1.21945
323;1.21986
324;1.22167
325;1.22428
326;1.22375
327;1.22564
328;1.22604
329;1.22725
330;1.2288
331;1.22867
332;1.23041
333;1.23111
334;1.23304
335;1.23459
336;1.23578
337;1.23691
338;1.23735
339;1.23922
340;1.23897
341;1.23973
342;1.24072
343;1.24145
344;1.2432
345;1.24374
346;1.24441
347;1.24522
348;1.24658
349;1.24821
350;1.24754
351;1.24755
352;1.24859
353;1.24949
354;1.25133
355;1.25291
356;1.25419
357;1.25336
358;1.25421
359;1.25623
360;1.2565
361;1.25734
362;1.25792
363;1.25849
364;1.26037
365;1.26192
366;1.26245
367;1.26541
368;1.26388
369;1.26511
370;1.26635
371;1.26567
372;1.26694
373;1.2678
374;1.26929
375;1.2703
376;1.27129
377;1.272
378;1.27268
379;1.27399
380;1.27406
381;1.27392
382;1.27568
383;1.27566
384;1.27609
385;1.27694
386;1.27812
387;1.2798
388;1.27894
389;1.27948
390;1.27907
391;1.28095
392;1.28162
393;1.28491
394;1.28347
395;1.28425
396;1.28482
397;1.28765
398;1.28696
399;1.28813
400;1.28816
401;1.28833
402;1.28772
403;1.29048
404;1.29092
405;1.29202
406;1.29219
407;1.29447
408;1.2948
409;1.2958
410;1.29439
411;1.29608
412;1.29383
413;1.29592
414;1.29703
415;1.29843
416;1.30018
417;1.29973
418;1.29975
419;1.30033
420;1.3013
421;1.30136
422;1.302
423;1.3018
424;1.30387
425;1.30581
426;1.30552
427;1.30639
428;1.30646
429;1.30774
430;1.30778
431;1.30756
432;1.30934
433;1.3098
434;1.31085
435;1.31195
436;1.31194
437;1.31169
438;1.31334
439;1.31325
440;1.31354
441;1.31459
442;1.31483
443;1.31472
444;1.31605
445;1.31709
446;1.31627
447;1.31778
448;1.31598
449;1.3183
450;1.3181
451;1.31772
452;1.31818
453;1.31843
454;1.31995
455;1.3217
456;1.32182
457;1.32376
458;1.32401
459;1.32521
460;1.32501
461;1.32517
462;1.32678
463;1.32502
464;1.32768
465;1.32843
466;1.3292
467;1.32883
468;1.33047
469;1.32941
470;1.32916
471;1.32855
472;1.33139
473;1.33152
474;1.33084
475;1.33169
476;1.33189
477;1.33256
478;1.33219
479;1.33489
480;1.33388
481;1.33527
482;1.33596
483;1.33661
484;1.33772
485;1.33888
486;1.33883
487;1.34045
488;1.33976
489;1.34091
490;1.33941
491;1.34079
492;1.34076
493;1.342
494;1.34069
495;1.34175
496;1.34215
497;1.34271
498;1.34324
499;1.34352
500;1.34297
501;1.34348
502;1.34393
503;1.3444
504;1.34484
505;1.34692
506;1.34691
507;1.34787
508;1.34799
509;1.34949
510;1.34874
511;1.3489
512;1.34963
513;1.34999
514;1.3525
515;1.35074
516;1.35102
517;1.35158
518;1.3519
519;1.35357
520;1.35289
521;1.35197
522;1.35128
523;1.35249
524;1.35365
525;1.35548
526;1.35453
527;1.35566
528;1.35627
529;1.35741
530;1.35702
531;1.35681
532;1.35686
533;1.35802
534;1.35798
535;1.35974
536;1.35885
537;1.36003
538;1.35967
539;1.35943
540;1.35984
541;1.36032
542;1.36085
543;1.36021
544;1.36063
545;1.35974
546;1.36025
547;1.3633
548;1.3619
549;1.36395
550;1.36277
551;1.36406
552;1.36502
553;1.36511
554;1.3661
555;1.36729
556;1.3671
557;1.36803
558;1.36818
559;1.3687
560;1.36978
561;1.36862
562;1.36836
563;1.36866
564;1.36988
565;1.3698
566;1.37055
567;1.36994
568;1.37018
569;1.36999
570;1.37039
571;1.36981
572;1.36968
573;1.37035
574;1.37302
575;1.37201
576;1.37342
577;1.37385
578;1.37451
579;1.37547
580;1.37522
581;1.37638
582;1.37214
583;1.37494
584;1.37593
585;1.37622
586;1.37622
587;1.37648
588;1.3743
589;1.37817
590;1.37562
591;1.37584
592;1.37624
593;1.37699
594;1.37748
595;1.37848
596;1.37838
597;1.37996
598;1.3079
599;1.2856
600;1.26879
601;1.25618
602;1.24512
603;1.23578
604;1.22666
605;1.21917
606;1.21143
607;1.20389
608;1.19594
609;1.18959
610;1.18205
611;1.17579
612;1.16991
613;1.16352
614;1.15777
615;1.15183
616;1.14583
617;1.1415
618;1.13451
619;1.13048
620;1.12348
621;1.11808
622;1.11177
623;1.10638
624;1.10225
625;1.0975
626;1.091
627;1.08654
628;1.08077
629;1.07624
630;1.0692
631;1.06415
632;1.05933
633;1.05334
634;1.04905
635;1.04378
636;1.0386
637;1.03369
638;1.02812
639;1.02356
640;1.01787
641;1.01351
642;1.0078
643;1.00424
644;0.998696
645;0.994526
646;0.988544
647;0.984676
648;0.979272
649;0.973909
650;0.968027
651;0.964144
652;0.959637
653;0.954432
654;0.94957
655;0.945982
656;0.940584
657;0.936383
658;1.01019
659;1.02833
660;1.03893
661;1.047
662;1.05418
663;1.06033
664;1.06522
665;1.07008
666;1.07248
667;1.07684
668;1.07807
669;1.08183
670;1.08278
671;1.08538
672;1.0889
673;1.09246
674;1.09335
675;1.09567
676;1.09612
677;1.10066
678;1.10061
679;1.10256
680;1.1049
681;1.10553
682;1.10742
683;1.10763
684;1.11235
685;1.11445
686;1.1158
687;1.11898
688;1.04807
689;1.02693
690;1.01114
691;0.998967
692;0.989233
693;0.980131
694;0.97288
695;0.965853
696;0.957922
697;0.9535
698;0.946511
699;0.941289
700;0.93503
701;0.929566
702;0.923958
703;0.920087
704;0.914498
705;0.910287
706;0.907068
707;0.900654
708;0.894435
709;0.888411
710;0.884824
711;0.879968
712;0.875587
713;0.871798
714;0.868764
715;0.862325
716;0.858089
717;0.85502
718;0.85024
719;0.924361
720;0.941818
721;0.953016
722;0.962089
723;0.96962
724;0.975241
725;0.981145
726;0.984836
727;0.990189
728;0.991772
729;0.995776
730;0.996591
731;1.00202
732;1.00448
733;1.007
734;1.01091
735;1.0131
736;1.01533
737;1.01805
738;1.02073
739;1.02277
740;1.02423
741;1.02713
742;1.02837
743;1.02854
744;1.03473
745;1.03743
746;1.0381
747;1.04148
748;0.97204
749;0.950973
750;0.934841
751;0.922696
752;0.913557
753;0.903883
754;0.897541
755;0.891326
756;0.885721
757;0.879559
758;0.873928
759;0.870319
760;0.86364
761;0.857601
762;0.853481
763;0.848021
764;0.844185
765;0.840182
766;0.834086
767;0.830205
768;0.825796
769;0.82129
770;0.815625
771;0.812383
772;0.807873
773;0.80539
774;0.798341
775;0.795659
776;0.790929
777;0.791747
778;0.867275
779;0.884257
780;0.893875
781;0.903385
782;0.911511
783;0.916348
784;0.922378
785;0.928134
786;0.930589
787;0.934879
788;0.93868
789;0.942171
790;0.945632
791;0.948927
792;0.950344
793;0.954004
794;0.957145
795;0.961513
796;0.963197
797;0.966589
798;0.968147
799;0.97254
800;0.973016
801;0.976097
802;0.979134
803;0.981809
804;0.98506
805;0.987794
806;0.990674
807;0.993129
808;0.917793
809;0.896257
810;0.883577
811;0.871134
812;0.862832
813;0.854766
814;0.847433
815;0.842806
816;0.836034
817;0.831363
818;0.825277
819;0.820503
820;0.815127
821;0.810813
822;0.805186
823;0.800267
824;0.797308
825;0.792456
826;0.787376
827;0.783622
828;0.778577
829;0.775939
830;0.769629
831;0.765629
832;0.761249
833;0.757085
834;0.752975
835;0.749847
836;0.745113
837;0.74212
838;0.738429
839;0.73436
840;0.727936
841;0.722561
842;0.721661
843;0.718089
844;0.712745
845;0.711146
846;0.70715
847;0.703779
848;0.699946
849;0.69554
850;0.69131
851;0.686781
852;0.683814
853;0.679776
854;0.677063
855;0.674114
856;0.669907
857;0.667908
858;0.662621
859;0.659219
860;0.655471
861;0.651395
862;0.648094
863;0.644267
864;0.641113
865;0.638228
866;0.634668
867;0.630895
868;0.626929
869;0.62557
870;0.619392
871;0.619477
872;0.613324
873;0.61108
874;0.607593
875;0.602753
876;0.600361
877;0.598152
878;0.595134
879;0.591512
880;0.587106
881;0.584597
882;0.580651
883;0.577737
884;0.575518
885;0.572176
886;0.568594
887;0.56618
888;0.562608
889;0.559263
890;0.554936
891;0.555612
892;0.548103
893;0.54359
894;0.543568
895;0.541261
896;0.536352
897;0.535162
898;0.531323
899;0.527439
900;0.524575
901;0.521007
902;0.519266
903;0.51599
904;0.513098
905;0.511738
906;0.508387
907;0.506599
908;0.502206
909;0.498649
910;0.498835
911;0.493199
912;0.490442
913;0.487008
914;0.484878
915;0.482637
916;0.479915
917;0.477583
918;0.475219
919;0.472755
920;0.468922
921;0.465768
922;0.462004
923;0.460862
924;0.458055
925;0.456402
926;0.453214
927;0.449035
928;0.447889
929;0.444919
930;0.441183
931;0.439902
932;0.437252
933;0.436566
934;0.432299
935;0.430738
936;0.427049
937;0.425579
938;0.422266
939;0.420465
940;0.416673
941;0.414014
942;0.412251
943;0.410187
944;0.407112
945;0.408113
946;0.403553
947;0.400928
948;0.399449
949;0.396346
950;0.392997
951;0.390989
952;0.388994
953;0.386533
954;0.386004
955;0.383314
956;0.381111
957;0.378753
958;0.37566
959;0.374206
960;0.370379
961;0.367965
962;0.366313
963;0.364878
964;0.361948
965;0.360295
966;0.358505
967;0.355971
968;0.354879
969;0.35261
970;0.34917
971;0.346486
972;0.345359
973;0.34258
974;0.340796
975;0.339052
976;0.337605
977;0.334517
978;0.333224
979;0.332506
980;0.328664
981;0.327128
982;0.325523
983;0.323373
984;0.322023
985;0.32072
986;0.318499
987;0.316865
988;0.395921
989;0.418426
990;0.433639
991;0.445567
992;0.456635
993;0.466885
994;0.474646
995;0.482344
996;0.489224
997;0.497296
998;0.502243
999;0.509413
1000;0.515414
1001;0.520512
1002;0.526517
1003;0.532424
1004;0.539106
1005;0.545397
1006;0.550822
1007;0.556443
1008;0.560827
1009;0.567395
1010;0.572116
1011;0.576151
1012;0.582423
1013;0.587213
1014;0.593038
1015;0.597705
1016;0.601623
1017;0.606879
1018;0.611971
1019;0.616824
1020;0.621302
1021;0.626187
1022;0.630536
1023;0.634549
1024;0.640471
1025;0.647744
1026;0.650435
1027;0.65599
1028;0.660276
1029;0.66494
1030;0.669749
1031;0.673633
1032;0.678143
1033;0.681737
1034;0.687411
1035;0.692314
1036;0.695656
1037;0.700991
1038;0.704421
1039;0.704525
1040;0.711861
1041;0.715858
1042;0.721318
1043;0.724443
1044;0.727823
1045;0.733919
1046;0.736733
1047;0.743005
1048;0.746646
1049;0.672239
1050;0.654171
1051;0.638615
1052;0.629664
1053;0.621305
1054;0.614914
1055;0.611826
1056;0.603713
1057;0.598961
1058;0.595266
1059;0.590778
1060;0.586983
1061;0.582866
1062;0.577309
1063;0.575364
1064;0.571663
1065;0.568217
1066;0.564607
1067;0.562379
1068;0.557608
1069;0.55549
1070;0.551018
1071;0.547798
1072;0.544405
1073;0.541214
1074;0.538092
1075;0.535644
1076;0.533148
1077;0.529941
1078;0.527612
1079;0.522687
1080;0.519578
1081;0.518338
1082;0.514313
1083;0.510693
1084;0.50855
1085;0.506734
1086;0.502618
1087;0.498819
1088;0.497271
1089;0.495194
1090;0.490495
1091;0.487216
1092;0.485907
1093;0.482511
1094;0.480025
1095;0.478426
1096;0.474508
1097;0.472834
1098;0.469825
1099;0.467291
1100;0.463735
1101;0.461271
1102;0.458048
1103;0.455952
1104;0.453136
1105;0.452424
1106;0.448541
1107;0.444859
1108;0.442889
1109;0.441041
1110;0.437019
1111;0.433724
1112;0.433041
1113;0.430344
1114;0.428506
1115;0.425485
1116;0.422162
1117;0.419993
1118;0.417922
1119;0.415553
1120;0.412308
1121;0.410555
1122;0.408632
1123;0.405825
1124;0.403493
1125;0.402879
1126;0.400182
1127;0.397756
1128;0.394231
1129;0.39199
1130;0.388849
1131;0.386102
1132;0.383748
1133;0.381548
1134;0.38045
1135;0.378165
1136;0.375185
1137;0.37386
1138;0.371005
1139;0.368465
1140;0.366199
1141;0.363332
1142;0.360494
1143;0.359908
1144;0.358083
1145;0.356853
1146;0.355273
1147;0.35234
1148;0.349642
1149;0.348862
1150;0.34467
1151;0.342061
1152;0.339978
1153;0.338716
1154;0.337359
1155;0.336091
1156;0.333447
1157;0.331833
1158;0.329507
1159;0.328226
1160;0.324818
1161;0.323509
1162;0.321658
1163;0.32095
1164;0.317901
1165;0.316113
1166;0.3143
1167;0.313057
1168;0.311081
1169;0.310401
1170;0.305312
1171;0.306445
1172;0.301913
1173;0.300626
1174;0.299543
1175;0.298602
1176;0.296163
1177;0.294577
1178;0.292576
1179;0.291059
1180;0.288761
1181;0.286939
1182;0.282533
1183;0.284154
1184;0.281369
1185;0.281142
1186;0.279792
1187;0.277724
1188;0.27577
1189;0.275093
1190;0.271959
1191;0.269196
1192;0.268878
1193;0.266713
1194;0.267112
1195;0.265126
1196;0.263597
1197;0.261366
1198;0.260267
1199;0.258203
1200;0.256742
1201;0.254218
1202;0.253328
1203;0.25216
1204;0.250266
1205;0.247789
1206;0.247059
1207;0.246263
1208;0.244041
1209;0.243345
1210;0.243285
1211;0.240261
1212;0.238071
1213;0.235732
1214;0.235956
1215;0.23453
1216;0.232337
1217;0.2321
1218;0.230266
1219;0.230077
1220;0.226791
1221;0.225221
1222;0.224189
1223;0.222757
1224;0.221605
1225;0.220522
1226;0.219342
1227;0.217447
1228;0.215814
1229;0.215503
1230;0.213853
1231;0.211641
1232;0.208881
1233;0.20941
1234;0.208412
1235;0.207528
1236;0.206329
1237;0.204163
1238;0.205296
1239;0.202341
1240;0.202662
1241;0.199798
1242;0.199043
1243;0.197775
1244;0.197684
1245;0.197419
1246;0.194291
1247;0.193318
1248;0.193019
1249;0.191509
1250;0.189479
1251;0.186942
1252;0.187761
1253;0.186861
1254;0.186977
1255;0.18338
1256;0.183075
1257;0.182197
1258;0.180881
1259;0.179021
1260;0.177498
1261;0.176884
1262;0.174958
1263;0.175267
1264;0.175748
1265;0.173473
1266;0.172384
1267;0.171987
1268;0.170404
1269;0.169712
1270;0.167651
1271;0.165995
1272;0.166826
1273;0.164453
1274;0.163556
1275;0.162197
1276;0.16214
1277;0.160768
1278;0.160242
1279;0.15989
1280;0.15808
1281;0.157243
1282;0.155455
1283;0.155229
1284;0.155172
1285;0.154112
1286;0.153089
1287;0.152041
1288;0.150678
1289;0.150609
1290;0.148507
1291;0.146023
1292;0.147865
1293;0.146197
1294;0.145998
1295;0.146587
1296;0.144217
1297;0.143707
1298;0.142001
1299;0.14225
1300;0.138489
1301;0.139742
1302;0.138665
1303;0.137545
1304;0.137183
1305;0.137385
1306;0.133787
1307;0.136261
1308;0.134917
1309;0.134112
1310;0.132075
1311;0.13133
1312;0.131106
1313;0.128815
1314;0.128422
1315;0.129325
1316;0.126968
1317;0.128053
1318;0.126285
1319;0.126064
1320;0.12439
1321;0.124422
1322;0.124393
1323;0.122546
1324;0.122313
1325;0.122099
1326;0.119846
1327;0.121171
1328;0.119924
1329;0.119289
1330;0.117964
1331;0.117347
1332;0.116632
1333;0.114955
1334;0.116576
1335;0.115314
1336;0.114014
1337;0.114036
1338;0.113378
1339;0.112409
1340;0.111059
1341;0.110505
1342;0.109684
1343;0.106118
1344;0.109083
1345;0.109167
1346;0.108239
1347;0.107732
1348;0.184566
1349;0.211292
1350;0.228236
1351;0.241353
1352;0.253702
1353;0.264119
1354;0.275131
1355;0.283052
1356;0.292856
1357;0.303137
1358;0.308157
1359;0.317731
1360;0.324639
1361;0.331864
1362;0.340362
1363;0.347845
1364;0.354681
1365;0.363172
1366;0.371424
1367;0.377567
1368;0.381548
1369;0.391458
1370;0.397362
1371;0.402772
1372;0.412415
1373;0.416214
1374;0.423059
1375;0.43025
1376;0.436384
1377;0.443471
1378;0.448563
1379;0.454838
1380;0.460264
1381;0.469428
1382;0.474165
1383;0.477136
1384;0.487405
1385;0.491276
1386;0.497444
1387;0.503203
1388;0.509217
1389;0.514621
1390;0.518996
1391;0.525822
1392;0.531537
1393;0.536163
1394;0.54242
1395;0.548629
1396;0.553535
1397;0.559568
1398;0.564084
1399;0.570464
1400;0.574007
1401;0.579622
1402;0.5854
1403;0.590089
1404;0.596893
1405;0.60073
1406;0.604629
1407;0.608726
1408;0.615792
1409;0.621718
1410;0.624991
1411;0.629368
1412;0.63492
1413;0.638533
1414;0.643889
1415;0.649353
1416;0.655027
1417;0.658539
1418;0.662977
1419;0.666674
1420;0.673862
1421;0.675748
1422;0.68077
1423;0.684408
1424;0.688925
1425;0.693844
1426;0.69656
1427;0.702602
1428;0.705976
1429;0.710347
1430;0.713095
1431;0.715867
1432;0.721711
1433;0.724833
1434;0.729941
1435;0.734627
1436;0.738536
1437;0.742451
1438;0.745126
1439;0.749995
1440;0.752874
1441;0.756418
1442;0.760264
1443;0.764166
1444;0.768556
1445;0.773116
1446;0.776811
1447;0.778769
1448;0.783515
1449;0.78641
1450;0.790961
1451;0.793888
1452;0.797371
1453;0.803738
1454;0.804245
1455;0.808717
1456;0.811757
1457;0.815222
1458;0.8183
1459;0.820629
1460;0.824928
1461;0.827105
1462;0.830256
1463;0.834212
1464;0.836846
1465;0.840484
1466;0.842879
1467;0.846139
1468;0.849969
1469;0.853384
1470;0.855666
1471;0.859876
1472;0.86174
1473;0.864764
1474;0.867644
1475;0.868188
1476;0.873208
1477;0.876918
1478;0.880043
1479;0.883178
1480;0.884975
1481;0.888726
1482;0.888279
1483;0.895455
1484;0.898249
1485;0.900644
1486;0.903835
1487;0.906825
1488;0.908918
1489;0.9125
1490;0.914293
1491;0.916849
1492;0.918618
1493;0.92201
1494;0.925717
1495;0.928175
1496;0.929346
1497;0.933557
1498;0.935486
1499;0.938715
1500;0.940887
1501;0.94285
1502;0.945919
1503;0.949009
1504;0.951407
1505;0.955099
1506;0.95592
1507;0.960257
1508;0.961094
1509;0.962885
1510;0.965891
1511;0.968509
1512;0.970523
1513;0.974926
1514;0.97717
1515;0.981614
1516;0.984924
1517;0.985935
1518;0.987389
1519;0.991754
1520;0.993519
1521;0.995411
1522;0.999694
1523;1.0014
1524;1.00458
1525;1.00681
1526;1.00937
1527;1.01108
1528;1.01108
1529;1.01592
1530;1.01778
1531;1.01955
1532;1.02123
1533;1.02426
1534;1.02587
1535;1.02893
1536;1.0301
1537;1.03312
1538;1.03483
1539;1.0356
1540;1.03878
1541;1.04161
1542;1.04305
1543;1.04473
1544;1.04789
1545;1.04972
1546;1.0516
1547;1.05383
1548;1.05643
1549;1.05783
1550;1.05916
1551;1.06063
1552;1.06238
1553;1.06501
1554;1.06798
1555;1.07009
1556;1.07311
1557;1.07399
1558;1.07708
1559;1.07778
1560;1.07774
1561;1.08003
1562;1.08242
1563;1.08524
1564;1.08619
1565;1.08841
1566;1.09037
1567;1.09221
1568;1.09361
1569;1.09589
1570;1.09558
1571;1.09736
1572;1.09739
1573;1.09905
1574;1.10219
1575;1.10325
1576;1.10536
1577;1.10834
1578;1.10794
1579;1.11322
1580;1.1118
1581;1.11437
1582;1.11674
1583;1.11772
1584;1.11999
1585;1.12337
1586;1.12502
1587;1.12653
1588;1.12716
1589;1.13106
1590;1.13088
1591;1.13171
1592;1.13371
1593;1.13482
1594;1.13714
1595;1.13914
1596;1.1398
1597;1.14097
1598;1.14251
1599;1.14486
1600;1.14615
1601;1.147
1602;1.14882
1603;1.14895
1604;1.14842
1605;1.15255
1606;1.15344
1607;1.15626
1608;1.15752
1609;1.15805
1610;1.15895
1611;1.16064
1612;1.16206
1613;1.16339
1614;1.16577
1615;1.16825
1616;1.1685
1617;1.17007
1618;1.17073
1619;1.17481
1620;1.17252
1621;1.17409
1622;1.17602
1623;1.1778
1624;1.17974
1625;1.18088
1626;1.18266
1627;1.18396
1628;1.18521
1629;1.18489
1630;1.18833
1631;1.18858
1632;1.1888
1633;1.19009
1634;1.19158
1635;1.19178
1636;1.19417
1637;1.19559
1638;1.19679
1639;1.1986
1640;1.19915
1641;1.19967
1642;1.20023
1643;1.20116
1644;1.20565
1645;1.20542
1646;1.20566
1647;1.20764
1648;1.15136
1649;1.12137
1650;1.10381
1651;1.09093
1652;1.08003
1653;1.07102
1654;1.06326
1655;1.0552
1656;1.04668
1657;1.04082
1658;1.03376
1659;1.02825
1660;1.02158
1661;1.01499
1662;1.00971
1663;1.00416
1664;0.999376
1665;0.995914
1666;0.989154
1667;0.985302
1668;0.97868
1669;0.974636
1670;0.967414
1671;0.963093
1672;0.958082
1673;0.951813
1674;0.948764
1675;0.944223
1676;0.938007
1677;0.933875
1678;0.929198
1679;0.925129
1680;0.919839
1681;0.916651
1682;0.909554
1683;0.904789
1684;0.901233
1685;0.896024
1686;0.890913
1687;0.887716
1688;0.882016
1689;0.879197
1690;0.87339
1691;0.868216
1692;0.863999
1693;0.85869
1694;0.855927
1695;0.851848
1696;0.846338
1697;0.844292
1698;0.837963
1699;0.833239
1700;0.82912
1701;0.825
1702;0.820648
1703;0.815952
1704;0.81226
1705;0.808434
1706;0.802989
1707;0.798788
1708;0.795612
1709;0.791637
1710;0.786432
1711;0.781878
1712;0.777859
1713;0.773403
1714;0.771861
1715;0.764959
1716;0.761554
1717;0.757538
1718;0.753356
1719;0.749736
1720;0.745189
1721;0.740685
1722;0.736531
1723;0.733179
1724;0.729611
1725;0.726183
1726;0.722394
1727;0.718611
1728;0.716031
1729;0.709472
1730;0.706032
1731;0.702001
1732;0.69909
1733;0.694873
1734;0.691855
1735;0.688629
1736;0.683452
1737;0.680805
1738;0.677368
1739;0.674067
1740;0.669979
1741;0.665589
1742;0.658882
1743;0.657614
1744;0.654615
1745;0.651817
1746;0.646734
1747;0.645387
1748;0.641202
1749;0.637532
1750;0.633416
1751;0.630023
1752;0.627804
1753;0.62242
1754;0.619773
1755;0.617592
1756;0.613403
1757;0.610278
1758;0.605504
1759;0.603178
1760;0.598863
1761;0.595861
1762;0.592481
1763;0.589774
1764;0.587115
1765;0.585372
1766;0.580097
1767;0.577261
1768;0.574596
1769;0.570256
1770;0.567546
1771;0.563351
1772;0.558171
1773;0.556915
1774;0.553022
1775;0.551364
1776;0.54782
1777;0.545809
1778;0.54118
1779;0.537988
1780;0.535606
1781;0.532125
1782;0.529907
1783;0.527008
1784;0.523996
1785;0.52162
1786;0.517932
1787;0.515392
1788;0.512591
1789;0.509982
1790;0.505633
1791;0.503121
1792;0.500018
1793;0.496941
1794;0.495184
1795;0.492031
1796;0.488601
1797;0.485693
1798;0.483518
1799;0.483285
1800;0.477664
1801;0.475046
1802;0.471408
1803;0.46878
1804;0.467043
1805;0.464075
1806;0.461293
1807;0.458587
1808;0.455052
1809;0.451748
1810;0.451018
1811;0.448396
1812;0.446136
1813;0.442612
1814;0.439786
1815;0.438354
1816;0.434886
1817;0.433809
1818;0.430237
1819;0.427905
1820;0.424525
1821;0.421693
1822;0.418782
1823;0.417013
1824;0.415867
1825;0.412456
1826;0.410826
1827;0.407905
1828;0.405328
1829;0.402306
1830;0.398753
1831;0.396969
1832;0.395641
1833;0.39262
1834;0.391354
1835;0.389655
1836;0.38591
1837;0.385391
1838;0.381019
1839;0.380509
1840;0.376355
1841;0.373085
1842;0.371886
1843;0.369954
1844;0.368887
1845;0.368044
1846;0.362212
1847;0.362237
1848;0.359163
1849;0.358514
1850;0.354291
1851;0.35137
1852;0.351279
1853;0.347713
1854;0.347037
1855;0.344113
1856;0.340525
1857;0.341136
1858;0.339421
1859;0.336831
1860;0.334222
1861;0.333054
1862;0.331049
1863;0.327896
1864;0.327471
1865;0.324069
1866;0.320327
1867;0.321092
1868;0.317938
1869;0.317608
1870;0.313142
1871;0.312167
1872;0.311364
1873;0.308953
1874;0.30737
1875;0.306036
1876;0.303808
1877;0.302222
1878;0.300868
1879;0.298593
1880;0.295836
1881;0.293746
1882;0.292849
1883;0.290618
1884;0.28935
1885;0.288635
1886;0.284251
1887;0.283968
1888;0.282508
1889;0.28123
1890;0.278845
1891;0.276639
1892;0.274835
1893;0.272163
1894;0.272525
1895;0.270672
1896;0.268689
1897;0.269844
1898;0.265243
1899;0.264261
1900;0.260192
1901;0.259405
1902;0.258215
1903;0.256975
1904;0.257205
1905;0.255402
1906;0.252831
1907;0.252126
1908;0.250288
1909;0.248953
1910;0.246196
1911;0.244979
1912;0.243446
1913;0.241397
1914;0.241126
1915;0.240226
1916;0.237104
1917;0.237469
1918;0.235015
1919;0.233306
1920;0.230143
1921;0.229111
1922;0.228453
1923;0.226842
1924;0.226461
1925;0.2254
1926;0.222669
1927;0.222816
1928;0.221199
1929;0.220875
1930;0.217517
1931;0.215499
1932;0.217948
1933;0.215166
1934;0.21324
1935;0.212377
1936;0.209797
1937;0.209583
1938;0.20778
1939;0.208551
1940;0.205211
1941;0.204148
1942;0.20209
1943;0.201202
1944;0.200321
1945;0.199673
1946;0.198203
1947;0.197913
1948;0.195849
1949;0.194407
1950;0.192815
1951;0.19306
1952;0.190703
1953;0.188101
1954;0.188324
1955;0.186725
1956;0.185957
1957;0.184695
1958;0.185322
1959;0.182879
1960;0.1805
1961;0.180698
1962;0.178536
1963;0.178492
1964;0.175997
1965;0.176947
1966;0.174373
1967;0.173853
1968;0.171965
1969;0.170675
1970;0.169567
1971;0.169791
1972;0.166499
1973;0.166584
1974;0.165888
1975;0.165573
1976;0.165303
1977;0.163364
1978;0.161916
1979;0.161545
1980;0.159798
1981;0.159868
1982;0.157545
1983;0.157709
1984;0.155009
1985;0.154606
1986;0.154508
1987;0.1534
1988;0.152236
1989;0.151374
1990;0.150779
1991;0.149227
1992;0.148806
1993;0.146606
1994;0.14816
1995;0.146719
1996;0.144846
1997;0.145013
1998;0.143566
1999;0.142615
2000;0.140541
2001;0.140554
2002;0.139166
2003;0.136846
2004;0.138389
2005;0.137957
2006;0.136906
2007;0.136009
2008;0.135075
2009;0.134801
2010;0.132453
2011;0.131701
2012;0.13149
2013;0.130316
2014;0.128913
2015;0.130489
2016;0.126341
2017;0.128576
2018;0.126505
2019;0.126357
2020;0.126625
2021;0.123528
2022;0.12326
2023;0.124664
2024;0.120761
2025;0.121369
2026;0.119839
2027;0.120761
2028;0.119896
2029;0.118681
2030;0.117671
2031;0.115553
2032;0.11554
2033;0.11509
2034;0.115449
2035;0.116576
2036;0.113813
2037;0.113479
2038;0.111767
2039;0.111905
2040;0.108393
2041;0.109841
2042;0.110027
2043;0.108925
2044;0.108708
2045;0.109145
2046;0.108176
2047;0.106757
2048;0.10541
2049;0.106521
2050;0.104878
2051;0.102621
2052;0.102559
2053;0.100739
2054;0.101627
2055;0.102445
2056;0.101029
2057;0.101328
2058;0.102813
2059;0.100563
2060;0.098354
2061;0.0975137
2062;0.0957072
2063;0.0963115
2064;0.096985
2065;0.0963524
2066;0.0962485
2067;0.0949865
2068;0.0937025
2069;0.0929881
2070;0.0918111
2071;0.0910589
2072;0.0917041
2073;0.0904138
2074;0.0903005
2075;0.0918016
2076;0.0893658
2077;0.0896175
2078;0.0877954
2079;0.0893028
2080;0.086804
2081;0.0848245
2082;0.0870558
2083;0.0857466
2084;0.0859323
2085;0.0859228
2086;0.0840125
2087;0.0850668
2088;0.0828953
2089;0.083745
2090;0.0818693
2091;0.0810888
2092;0.0808434
2093;0.0803965
2094;0.0804877
2095;0.0801793
2096;0.0799307
2097;0.0793674
2098;0.0793705
2099;0.0778788
2100;0.0780046
2101;0.0769661
2102;0.0765759
2103;0.0771423
2104;0.0765696
2105;0.0762328
2106;0.0756443
2107;0.0754775
2108;0.0740204
2109;0.0748733
2110;0.072771
2111;0.0750904
2112;0.0722832
2113;0.0738693
2114;0.0720692
2115;0.0724846
2116;0.071188
2117;0.0711439
2118;0.0698473
2119;0.0719905
2120;0.0693815
2121;0.0681793
2122;0.0686923
2123;0.0673674
2124;0.0676412
2125;0.0674775
2126;0.0670527
2127;0.0674964
2128;0.0665334
2129;0.0663886
2130;0.0678017
2131;0.063852
2132;0.0637828
2133;0.0629708
2134;0.0634114
2135;0.063959
2136;0.0628544
2137;0.0642926
2138;0.0623508
2139;0.0613249
2140;0.06107
2141;0.0624327
2142;0.0616585
2143;0.0595121
2144;0.0602297
2145;0.0606105
2146;0.0605224
2147;0.0594429
2148;0.059424
2149;0.0599464
2150;0.0569221
2151;0.0564374
2152;0.0571896
