Lenlab red 7.0 Logger-Daten
Zeit;Kanal_3
0;1.34506
1;1.35652
2;1.36364
3;1.36751
4;1.37001
5;1.37052
6;1.36594
7;1.35682
8;1.3453
9;1.33512
10;1.32917
11;1.31876
12;1.30865
13;1.29938
14;1.29237
15;1.29421
16;1.2818
17;1.27499
18;1.26828
19;1.27359
20;1.28072
21;1.29564
22;1.30364
23;1.31304
24;1.3326
25;1.32698
26;1.35445
27;1.35969
28;1.36192
29;1.3511
30;1.35172
31;1.34277
32;1.3304
33;1.31872
34;1.30707
35;1.29595
36;1.28586
37;1.28044
38;1.27216
39;1.26978
40;1.26864
41;1.27105
42;1.27303
43;1.26808
44;1.27482
45;1.2811
46;1.283
47;1.29212
48;1.29796
49;1.30688
50;1.30961
51;1.32666
52;1.34561
53;1.3479
54;1.35234
55;1.34953
56;1.35043
57;1.3486
58;1.34949
59;1.34819
60;1.34671
61;1.33991
62;1.34224
63;1.33991
64;1.33623
65;1.32518
66;1.32239
67;1.31203
68;1.30513
69;1.30237
70;1.29783
71;1.28965
72;1.28853
73;1.28182
74;1.28481
75;1.27774
76;1.27082
77;1.26794
78;1.26468
79;1.26405
80;1.26658
81;1.26388
82;1.26083
83;1.25866
84;1.24849
85;1.25927
86;1.25544
87;1.25714
88;1.26807
89;1.28202
90;1.28211
91;1.28569
92;1.28265
93;1.28671
94;1.28854
95;1.28583
96;1.28864
97;1.29271
98;1.29261
99;1.29287
100;1.29933
101;1.30243
102;1.30166
103;1.3152
104;1.32027
105;1.325
106;1.33029
107;1.34119
108;1.34316
109;1.35147
110;1.35604
111;1.36159
112;1.36039
113;1.36471
114;1.36929
115;1.37052
116;1.36752
117;1.36287
118;1.3636
119;1.35563
120;1.34686
121;1.33322
122;1.31965
123;1.30807
124;1.29508
125;1.28571
126;1.28406
127;1.28929
128;1.30076
129;1.3203
130;1.33783
131;1.3569
132;1.36608
133;1.36718
134;1.36577
135;1.36413
136;1.35348
137;1.33748
138;1.32697
139;1.31377
140;1.2969
141;1.29364
142;1.28661
143;1.28754
144;1.29016
145;1.30249
146;1.30774
147;1.32735
148;1.34354
149;1.35089
150;1.36512
151;1.37127
152;1.37197
153;1.36374
154;1.35873
155;1.34837
156;1.33598
157;1.32481
158;1.31403
159;1.30115
160;1.28806
161;1.2863
162;1.28146
163;1.28332
164;1.29016
165;1.29991
166;1.30603
167;1.32162
168;1.33625
169;1.34934
170;1.35438
171;1.36034
172;1.367
173;1.36948
174;1.36844
175;1.36125
176;1.35531
177;1.34425
178;1.33169
179;1.32307
180;1.31429
181;1.3035
182;1.29779
183;1.29347
184;1.28716
185;1.29123
186;1.28972
187;1.29354
188;1.30096
189;1.3122
190;1.32127
191;1.33498
192;1.34206
193;1.35423
194;1.36209
195;1.3653
196;1.36908
197;1.36741
198;1.35909
199;1.35037
200;1.33842
201;1.31991
202;1.30267
203;1.29113
204;1.28275
205;1.28109
206;1.28166
207;1.28925
208;1.29488
209;1.30977
210;1.3245
211;1.33331
212;1.34548
213;1.35981
214;1.36802
215;1.37311
216;1.36739
217;1.36417
218;1.35454
219;1.34276
220;1.33281
221;1.32523
222;1.31548
223;1.3072
224;1.29605
225;1.29112
226;1.29073
227;1.29653
228;1.30012
229;1.30412
230;1.31298
231;1.32321
232;1.33684
233;1.34689
234;1.35568
235;1.36153
236;1.36419
237;1.36821
238;1.37122
239;1.37436
240;1.37233
241;1.37241
242;1.37486
243;1.37587
244;1.36998
245;1.3681
246;1.36522
247;1.35941
248;1.35263
249;1.34592
250;1.33792
251;1.32596
252;1.31852
253;1.31359
254;1.30274
255;1.29931
256;1.28708
257;1.28676
258;1.28783
259;1.29159
260;1.29868
261;1.30423
262;1.31377
263;1.32524
264;1.33721
265;1.34443
266;1.35601
267;1.36874
268;1.37213
269;1.37783
270;1.37547
271;1.36663
272;1.35353
273;1.33939
274;1.32419
275;1.31003
276;1.29945
277;1.29101
278;1.28916
279;1.29256
280;1.30012
281;1.31235
282;1.3178
283;1.33279
284;1.34402
285;1.35521
286;1.36546
287;1.37244
288;1.37846
289;1.37872
290;1.38114
291;1.37823
292;1.36986
293;1.36119
294;1.35448
295;1.34112
296;1.33038
297;1.3206
298;1.31232
299;1.30483
300;1.29847
301;1.29377
302;1.29063
303;1.29154
304;1.29066
305;1.29336
306;1.29163
307;1.29989
308;1.30281
309;1.30512
310;1.31343
311;1.31596
312;1.32487
313;1.32939
314;1.32966
315;1.34008
316;1.35202
317;1.354
318;1.35924
319;1.36408
320;1.36736
321;1.37124
322;1.37388
323;1.37565
324;1.37442
325;1.37689
326;1.37477
327;1.37393
328;1.3718
329;1.3726
330;1.36706
331;1.36914
332;1.36084
333;1.35995
334;1.352
335;1.34622
336;1.33546
337;1.32996
338;1.32006
339;1.31299
340;1.3057
341;1.30219
342;1.29734
343;1.2982
344;1.29888
345;1.30902
346;1.3099
347;1.31607
348;1.32609
349;1.3353
350;1.34151
351;1.34985
352;1.3566
353;1.36256
354;1.36815
355;1.37628
356;1.37775
357;1.37829
358;1.38052
359;1.38044
360;1.3813
361;1.3807
362;1.38189
363;1.38044
364;1.37671
365;1.37282
366;1.37209
367;1.36612
368;1.36888
369;1.36442
370;1.35989
371;1.36384
372;1.35917
373;1.35194
374;1.34753
375;1.34583
376;1.33581
377;1.33203
378;1.32503
379;1.32179
380;1.31278
381;1.31195
382;1.30459
383;1.30608
384;1.30756
385;1.30495
386;1.30627
387;1.30554
388;1.3038
389;1.30466
390;1.3038
391;1.30913
392;1.30586
393;1.30661
394;1.30648
395;1.31022
396;1.30748
397;1.31134
398;1.31734
399;1.31504
400;1.31807
401;1.32128
402;1.32188
403;1.33074
404;1.33075
405;1.33243
406;1.33242
407;1.333
408;1.33386
409;1.33886
410;1.34289
411;1.34818
412;1.35041
413;1.35587
414;1.35404
415;1.36338
416;1.3686
417;1.36622
418;1.36783
419;1.3661
420;1.37043
421;1.37277
422;1.36893
423;1.37474
424;1.36974
425;1.36998
426;1.36751
427;1.3637
428;1.35754
429;1.35386
430;1.3508
431;1.346
432;1.34118
433;1.33362
434;1.33037
435;1.32733
436;1.32331
437;1.3218
438;1.32044
439;1.31815
440;1.31768
441;1.31968
442;1.32152
443;1.31813
444;1.3223
445;1.31857
446;1.31471
447;1.31902
448;1.31942
449;1.32345
450;1.32729
451;1.32633
452;1.32381
453;1.3249
454;1.32168
455;1.32479
456;1.3318
457;1.3278
458;1.3292
459;1.32795
460;1.33305
461;1.3347
462;1.33895
463;1.34326
464;1.34877
465;1.35701
466;1.36027
467;1.36505
468;1.36147
469;1.36944
470;1.3756
471;1.37588
472;1.37987
473;1.38207
474;1.38247
475;1.38635
476;1.38242
477;1.38816
478;1.38808
479;1.38686
480;1.3872
481;1.3875
482;1.38199
483;1.38356
484;1.37793
485;1.37622
486;1.37183
487;1.36749
488;1.36625
489;1.35953
490;1.35146
491;1.34184
492;1.33011
493;1.31666
494;1.30482
495;1.3035
496;1.29559
497;1.30027
498;1.30646
499;1.31788
500;1.32723
501;1.34174
502;1.35684
503;1.36986
504;1.37491
505;1.38589
506;1.39122
507;1.39341
508;1.38992
509;1.38333
510;1.3809
511;1.37625
512;1.37121
513;1.35984
514;1.34679
515;1.33874
516;1.32523
517;1.31938
518;1.30945
519;1.30704
520;1.30387
521;1.30321
522;1.30568
523;1.30791
524;1.32382
525;1.32715
526;1.33734
527;1.34576
528;1.35939
529;1.36564
530;1.37008
531;1.37409
532;1.38118
533;1.37792
534;1.38048
535;1.37988
536;1.37737
537;1.38132
538;1.38102
539;1.38389
540;1.3852
541;1.38371
542;1.38125
543;1.38329
544;1.37646
545;1.37034
546;1.36513
547;1.35538
548;1.34469
549;1.33424
550;1.3248
551;1.31779
552;1.31401
553;1.30868
554;1.29629
555;1.30006
556;1.30405
557;1.31599
558;1.32667
559;1.33719
560;1.34153
561;1.35882
562;1.36321
563;1.37133
564;1.37484
565;1.37951
566;1.38767
567;1.38694
568;1.38595
569;1.3872
570;1.38151
571;1.38279
572;1.38394
573;1.38581
574;1.38015
575;1.38027
576;1.37887
577;1.37341
578;1.37585
579;1.37401
580;1.36848
581;1.35761
582;1.35815
583;1.35593
584;1.34947
585;1.34511
586;1.33958
587;1.32652
588;1.32279
589;1.31594
590;1.31257
591;1.31015
592;1.31019
593;1.30403
594;1.29429
595;1.29566
596;1.29375
597;1.29668
598;0.429048
599;0.0181841
600;0.015871
601;0.0162895
602;0.0161888
603;0.0167081
604;0.0172966
605;0.0158584
606;0.0165193
607;0.017391
608;0.0163651
609;0.0161101
610;0.0160063
611;0.0162958
612;0.0157608
613;0.0138285
614;0.016258
615;0.0165256
616;0.0154304
617;0.0141463
618;0.0148104
619;0.0150842
620;0.0162266
621;0.0155562
622;0.0144925
623;0.0154681
624;0.0147317
625;0.0158112
626;0.0145271
627;0.0153674
628;0.0162014
629;0.0150433
630;0.0157451
631;0.0157608
632;0.0168717
633;0.0175389
634;0.0160378
635;0.0163934
636;0.0164374
637;0.0149772
638;0.0148041
639;0.0151503
640;0.0153013
641;0.0143509
642;0.014782
643;0.0152856
644;0.0141149
645;0.0157042
646;0.0147223
647;0.0158363
648;0.0151817
649;0.0166326
650;0.0153611
651;0.0152541
652;0.0161196
653;0.0160031
654;0.015594
655;0.0159937
656;0.016
657;0.0149866
658;0.0115059
659;1.31122
660;1.31106
661;1.29854
662;1.29314
663;1.29653
664;1.29647
665;1.31044
666;1.31901
667;1.34005
668;1.36012
669;1.37365
670;1.37855
671;1.38431
672;1.36918
673;1.35023
674;1.33157
675;1.30407
676;1.28962
677;1.28718
678;1.29372
679;1.30595
680;1.32546
681;1.34812
682;1.3666
683;1.37684
684;1.38009
685;1.37337
686;1.36121
687;1.34135
688;1.36402
689;0.0240755
690;0.0155625
691;0.0144296
692;0.0164343
693;0.0161731
694;0.0156318
695;0.0168812
696;0.0164374
697;0.0142313
698;0.015188
699;0.0153359
700;0.016557
701;0.0172085
702;0.0165256
703;0.0171267
704;0.0172588
705;0.0170197
706;0.0153171
707;0.0143855
708;0.013561
709;0.0148607
710;0.0152352
711;0.0160378
712;0.0152699
713;0.0172242
714;0.0152793
715;0.016022
716;0.0152824
717;0.014354
718;1.3288
719;1.30509
720;1.30928
721;1.31031
722;1.31434
723;1.31321
724;1.32192
725;1.32642
726;1.32447
727;1.33227
728;1.33263
729;1.33794
730;1.34378
731;1.35121
732;1.35297
733;1.36282
734;1.37167
735;1.37179
736;1.37423
737;1.37209
738;1.37127
739;1.37136
740;1.37324
741;1.37446
742;1.38014
743;1.37963
744;1.37788
745;1.3833
746;1.38344
747;1.38678
748;0.0707757
749;0.00642014
750;0.00637293
751;0.00630684
752;0.00703068
753;0.00685129
754;0.00648623
755;0.00597954
756;0.00529346
757;0.00572462
758;0.00513611
759;0.00537529
760;0.00615578
761;0.00736113
762;0.00574036
763;0.00731707
764;0.00567112
765;0.00687962
766;0.00680408
767;0.0052022
768;0.00568371
769;0.00533123
770;0.00562391
771;0.00630054
772;0.0059166
773;0.00665617
774;0.0066782
775;0.00710306
776;0.00556412
777;0.00557985
778;0.0987159
779;1.38093
780;1.3901
781;1.38779
782;1.38439
783;1.37369
784;1.36404
785;1.35079
786;1.33999
787;1.32668
788;1.32211
789;1.31382
790;1.31149
791;1.31144
792;1.30502
793;1.30453
794;1.30427
795;1.31076
796;1.31526
797;1.32196
798;1.33203
799;1.33631
800;1.34631
801;1.3516
802;1.36053
803;1.37046
804;1.36955
805;1.37345
806;1.37421
807;1.38049
808;0.0206263
809;0.00636663
810;0.00660582
811;0.00721636
812;0.00660896
813;0.00685129
814;0.00604563
815;0.00681038
816;0.00648937
817;0.00553265
818;0.007059
819;0.0054697
820;0.00575294
821;0.00685444
822;0.008214
823;0.00641699
824;0.00690165
825;0.00577497
826;0.00646734
827;0.00600157
828;0.00610542
829;0.0059166
830;0.00653028
831;0.00602989
832;0.00544767
833;0.00605507
834;0.00664988
835;0.00742722
836;0.00523052
837;0.00571518
838;0.00530605
839;0.00552006
840;0.0078269
841;0.00765696
842;0.00840597
843;0.00733595
844;0.00803461
845;0.00706215
846;0.00692368
847;0.00666561
848;0.00627222
849;0.00743666
850;0.00677891
851;0.00719118
852;0.00720062
853;0.00722895
854;0.00666876
855;0.00725098
856;0.0065649
857;0.00599842
858;0.0059638
859;0.00530291
860;0.00723839
861;0.00583477
862;0.00619669
863;0.00600786
864;0.00654602
865;0.00626593
866;0.00617781
867;0.00587254
868;0.00660582
869;0.005476
870;0.00614948
871;0.00730762
872;0.0062974
873;0.00709047
874;0.00650196
875;0.00707788
876;0.00571833
877;0.00694571
878;0.0054162
879;0.00638866
880;0.00725412
881;0.00528402
882;0.00642958
883;0.00657434
884;0.00542879
885;0.00641069
886;0.00616837
887;0.0065177
888;0.00569
889;0.00650511
890;0.00702438
891;0.00625019
892;0.00630054
893;0.00732651
894;0.00611486
895;0.00688906
896;0.00724468
897;0.00433989
898;0.00833044
899;0.00497246
900;0.00519905
901;0.00562706
902;0.00678205
903;0.00559874
904;0.00731707
905;0.00609913
906;0.00482454
907;0.00528402
908;0.00614319
909;0.0059103
910;0.00644217
911;0.00743666
912;0.00654917
913;0.00779858
914;0.0052022
915;0.00659008
916;0.00551376
917;0.0060708
918;0.00594807
919;0.00521793
920;0.00602045
921;0.00742092
922;0.00580959
923;0.00626593
924;0.00570889
925;0.00668135
926;0.00557985
927;0.00597954
928;0.00599527
929;0.00537214
930;0.00606766
931;0.00647049
932;0.00596066
933;0.00609913
934;0.0056963
935;0.00635719
936;0.00927143
937;0.00552635
938;0.00622187
939;0.0058033
940;0.0052494
941;0.00646105
942;0.00494728
943;0.0057435
944;0.00562077
945;0.0061306
946;0.00602989
947;0.00590715
948;0.00658693
949;0.00485916
950;0.00532494
951;0.00782061
952;0.00662155
953;0.00603619
954;0.00545082
955;0.00639181
956;0.00746183
957;0.00608339
958;0.00536585
959;0.00530291
960;0.00675373
961;0.00567741
962;0.00637922
963;0.0059638
964;0.00592289
965;0.00644217
966;0.00512037
967;0.00550432
968;0.00716915
969;0.00608025
970;0.00758457
971;0.00671282
972;0.00625648
973;0.00716286
974;0.00630054
975;0.00597639
976;0.00493784
977;0.00508575
978;0.00577497
979;0.00473013
980;0.00628166
981;0.00645161
982;0.00587568
983;0.00636978
984;0.00538158
985;0.00614319
986;0.00599842
987;0.0050889
988;0.00599213
989;1.37347
990;1.37522
991;1.37554
992;1.37576
993;1.37109
994;1.36622
995;1.36209
996;1.35645
997;1.35443
998;1.34779
999;1.34514
1000;1.33946
1001;1.33488
1002;1.33025
1003;1.32659
1004;1.31971
1005;1.31369
1006;1.3107
1007;1.3073
1008;1.30119
1009;1.30019
1010;1.29755
1011;1.2954
1012;1.29155
1013;1.29297
1014;1.29383
1015;1.29593
1016;1.30387
1017;1.30685
1018;1.31114
1019;1.3157
1020;1.32646
1021;1.33329
1022;1.33816
1023;1.34271
1024;1.34935
1025;1.35259
1026;1.3563
1027;1.36122
1028;1.36358
1029;1.36792
1030;1.37437
1031;1.37283
1032;1.37597
1033;1.37677
1034;1.3781
1035;1.37835
1036;1.37366
1037;1.37076
1038;1.37087
1039;1.36335
1040;1.35689
1041;1.35025
1042;1.34133
1043;1.33222
1044;1.32171
1045;1.31233
1046;1.30363
1047;1.29952
1048;1.29742
1049;0.0161101
1050;0.00806608
1051;0.00676632
1052;0.00673485
1053;0.00654602
1054;0.00690165
1055;0.00730448
1056;0.00638866
1057;0.00565853
1058;0.00658064
1059;0.00522108
1060;0.00734854
1061;0.0067852
1062;0.00692053
1063;0.00667505
1064;0.00722895
1065;0.00692053
1066;0.00684814
1067;0.00550747
1068;0.00553579
1069;0.00681667
1070;0.00698032
1071;0.00819826
1072;0.00606136
1073;0.00736742
1074;0.00663729
1075;0.00786467
1076;0.00571203
1077;0.00593548
1078;0.00598583
1079;0.00604877
1080;0.0068985
1081;0.00839653
1082;0.00674114
1083;0.00650511
1084;0.00697718
1085;0.00532494
1086;0.00647678
1087;0.00624075
1088;0.00502281
1089;0.00715342
1090;0.00715342
1091;0.00753736
1092;0.00664358
1093;0.00718174
1094;0.00742407
1095;0.00730133
1096;0.00657434
1097;0.00588198
1098;0.00650196
1099;0.00681982
1100;0.00623446
1101;0.00759401
1102;0.00712824
1103;0.00757513
1104;0.0066782
1105;0.00731707
1106;0.00684814
1107;0.0064642
1108;0.006738
1109;0.00670338
1110;0.00747757
1111;0.00735168
1112;0.00719748
1113;0.00749331
1114;0.00676632
1115;0.00730762
1116;0.00589771
1117;0.00683241
1118;0.00621872
1119;0.00751219
1120;0.00726986
1121;0.00691423
1122;0.00606766
1123;0.00736742
1124;0.00506687
1125;0.00694256
1126;0.00613375
1127;0.00523367
1128;0.00534382
1129;0.00561762
1130;0.00713768
1131;0.00703068
1132;0.00772619
1133;0.0068985
1134;0.00612745
1135;0.00741463
1136;0.00711565
1137;0.00562391
1138;0.00713768
1139;0.00491581
1140;0.00591345
1141;0.00701494
1142;0.00657749
1143;0.00632887
1144;0.00669394
1145;0.00691109
1146;0.0061841
1147;0.00570574
1148;0.00524626
1149;0.00719433
1150;0.00680723
1151;0.00749645
1152;0.00676947
1153;0.00783319
1154;0.00654287
1155;0.0074461
1156;0.00626593
1157;0.00705271
1158;0.00561132
1159;0.00754995
1160;0.00668449
1161;0.00693626
1162;0.00584736
1163;0.00722265
1164;0.00631943
1165;0.00621243
1166;0.00647049
1167;0.00668135
1168;0.00615578
1169;0.00642643
1170;0.00693941
1171;0.00699606
1172;0.0065649
1173;0.00746183
1174;0.00691738
1175;0.0075531
1176;0.00676947
1177;0.00704327
1178;0.00560818
1179;0.0070118
1180;0.00706215
1181;0.00801573
1182;0.00721321
1183;0.00704012
1184;0.00629425
1185;0.00730448
1186;0.00774508
1187;0.00570889
1188;0.00648308
1189;0.00643902
1190;0.00662785
1191;0.00713139
1192;0.00726357
1193;0.00718489
1194;0.0084815
1195;0.00697403
1196;0.00719118
1197;0.00586939
1198;0.00650826
1199;0.00573092
1200;0.00628166
1201;0.00696459
1202;0.00628796
1203;0.00718174
1204;0.007059
1205;0.00634146
1206;0.00616837
1207;0.00635719
1208;0.00625334
1209;0.00660896
1210;0.007166
1211;0.00730762
1212;0.00710936
1213;0.00641384
1214;0.00655861
1215;0.00773563
1216;0.00690479
1217;0.00610542
1218;0.00539417
1219;0.0063509
1220;0.00698032
1221;0.00712509
1222;0.00728874
1223;0.00762234
1224;0.00625963
1225;0.00633831
1226;0.00489693
1227;0.00639811
1228;0.00712509
1229;0.00625963
1230;0.00851297
1231;0.00713139
1232;0.00727615
1233;0.00715027
1234;0.00721321
1235;0.00700235
1236;0.00595436
1237;0.00660267
1238;0.00586309
1239;0.00615263
1240;0.00901337
1241;0.00701494
1242;0.00861053
1243;0.00726357
1244;0.00888433
1245;0.00688276
1246;0.00641699
1247;0.00660267
1248;0.00635719
1249;0.00637608
1250;0.00700865
1251;0.00786467
1252;0.00702438
1253;0.00871439
1254;0.00752478
1255;0.00748701
1256;0.00617466
1257;0.00657434
1258;0.00575294
1259;0.0064642
1260;0.00523996
1261;0.00688906
1262;0.00667191
1263;0.00710936
1264;0.00704327
1265;0.00777655
1266;0.00783634
1267;0.00612745
1268;0.00641069
1269;0.00681038
1270;0.00813532
1271;0.0076601
1272;0.00709677
1273;0.00777655
1274;0.00707788
1275;0.00735168
1276;0.00659952
1277;0.00614634
1278;0.0064642
1279;0.00644217
1280;0.00708103
1281;0.00672541
1282;0.00773563
1283;0.008214
1284;0.00762863
1285;0.00713139
1286;0.00668135
1287;0.00764751
1288;0.00642958
1289;0.00688276
1290;0.00867977
1291;0.00636034
1292;0.00734224
1293;0.00799685
1294;0.0075531
1295;0.00697718
1296;0.00613689
1297;0.00729189
1298;0.00621872
1299;0.00594492
1300;0.00674114
1301;0.00919905
1302;0.00625019
1303;0.00738316
1304;0.00654917
1305;0.00676317
1306;0.00612116
1307;0.00554209
1308;0.00621243
1309;0.00563021
1310;0.00592918
1311;0.0072258
1312;0.0064642
1313;0.00599527
1314;0.00625963
1315;0.00744925
1316;0.00554838
1317;0.00574036
1318;0.00632257
1319;0.0059103
1320;0.0056428
1321;0.00651455
1322;0.00601101
1323;0.00808182
1324;0.00598583
1325;0.00677261
1326;0.00489378
1327;0.00677891
1328;0.00580959
1329;0.00517387
1330;0.00688906
1331;0.00640755
1332;0.00571518
1333;0.00622816
1334;0.00644217
1335;0.0059166
1336;0.00562706
1337;0.00557356
1338;0.00573092
1339;0.00461054
1340;0.00603619
1341;0.00677891
1342;0.0062911
1343;0.00714712
1344;0.00570889
1345;0.00670967
1346;0.00620298
1347;0.00524626
1348;1.35992
1349;1.33276
1350;1.33621
1351;1.33527
1352;1.33921
1353;1.33947
1354;1.33245
1355;1.33328
1356;1.33762
1357;1.33161
1358;1.32916
1359;1.32394
1360;1.32033
1361;1.31416
1362;1.30933
1363;1.30322
1364;1.29854
1365;1.29127
1366;1.28267
1367;1.28098
1368;1.27903
1369;1.27863
1370;1.28001
1371;1.28085
1372;1.27986
1373;1.28441
1374;1.2872
1375;1.29223
1376;1.2937
1377;1.3029
1378;1.31536
1379;1.32207
1380;1.33032
1381;1.34286
1382;1.3489
1383;1.35698
1384;1.3624
1385;1.36254
1386;1.36241
1387;1.36086
1388;1.35407
1389;1.34937
1390;1.34265
1391;1.32925
1392;1.31136
1393;1.2993
1394;1.28619
1395;1.28341
1396;1.27784
1397;1.27839
1398;1.28175
1399;1.29083
1400;1.3057
1401;1.31835
1402;1.33132
1403;1.34587
1404;1.3604
1405;1.36953
1406;1.36481
1407;1.36702
1408;1.36427
1409;1.3546
1410;1.34946
1411;1.33899
1412;1.32832
1413;1.31678
1414;1.30797
1415;1.30012
1416;1.29286
1417;1.29184
1418;1.28402
1419;1.2858
1420;1.28451
1421;1.28327
1422;1.2852
1423;1.2959
1424;1.29614
1425;1.30774
1426;1.3163
1427;1.32356
1428;1.33781
1429;1.3503
1430;1.35799
1431;1.36569
1432;1.36516
1433;1.36267
1434;1.34909
1435;1.33518
1436;1.31832
1437;1.30017
1438;1.28879
1439;1.27992
1440;1.2764
1441;1.28014
1442;1.28709
1443;1.29745
1444;1.30984
1445;1.32355
1446;1.33998
1447;1.35322
1448;1.36108
1449;1.36269
1450;1.36826
1451;1.37009
1452;1.36664
1453;1.357
1454;1.35008
1455;1.34143
1456;1.33117
1457;1.31974
1458;1.30682
1459;1.29978
1460;1.29001
1461;1.28926
1462;1.28387
1463;1.2844
1464;1.28594
1465;1.29036
1466;1.29372
1467;1.30356
1468;1.30982
1469;1.31829
1470;1.32314
1471;1.33374
1472;1.34174
1473;1.34422
1474;1.34959
1475;1.35573
1476;1.35755
1477;1.35912
1478;1.3601
1479;1.35873
1480;1.3556
1481;1.35226
1482;1.34914
1483;1.34416
1484;1.33785
1485;1.33482
1486;1.32709
1487;1.31711
1488;1.3073
1489;1.29854
1490;1.28629
1491;1.28253
1492;1.27997
1493;1.27816
1494;1.28202
1495;1.29391
1496;1.30349
1497;1.32118
1498;1.33569
1499;1.34786
1500;1.35681
1501;1.36308
1502;1.36229
1503;1.3624
1504;1.35771
1505;1.35071
1506;1.34405
1507;1.3313
1508;1.32132
1509;1.308
1510;1.30186
1511;1.29127
1512;1.28326
1513;1.28101
1514;1.27921
1515;1.2773
1516;1.27603
1517;1.2816
1518;1.28923
1519;1.29495
1520;1.30375
1521;1.31736
1522;1.33167
1523;1.33847
1524;1.34615
1525;1.35181
1526;1.35603
1527;1.35873
1528;1.36047
1529;1.35659
1530;1.35385
1531;1.35523
1532;1.34576
1533;1.34085
1534;1.33765
1535;1.33374
1536;1.32529
1537;1.318
1538;1.3113
1539;1.30115
1540;1.29379
1541;1.28819
1542;1.27961
1543;1.2788
1544;1.27997
1545;1.28218
1546;1.28187
1547;1.29057
1548;1.29773
1549;1.30988
1550;1.31904
1551;1.33346
1552;1.34763
1553;1.36095
1554;1.36763
1555;1.37541
1556;1.37225
1557;1.36947
1558;1.35912
1559;1.34686
1560;1.3337
1561;1.31944
1562;1.30893
1563;1.29642
1564;1.2881
1565;1.28506
1566;1.285
1567;1.28499
1568;1.28805
1569;1.30307
1570;1.31565
1571;1.32671
1572;1.33859
1573;1.3475
1574;1.35651
1575;1.36184
1576;1.36837
1577;1.36661
1578;1.36617
1579;1.3613
1580;1.3559
1581;1.34982
1582;1.34564
1583;1.33925
1584;1.32835
1585;1.3198
1586;1.3093
1587;1.29796
1588;1.29224
1589;1.28715
1590;1.28407
1591;1.28812
1592;1.29252
1593;1.30483
1594;1.32186
1595;1.33909
1596;1.35227
1597;1.36666
1598;1.37469
1599;1.37783
1600;1.37161
1601;1.36245
1602;1.34835
1603;1.33698
1604;1.32494
1605;1.31501
1606;1.30224
1607;1.29193
1608;1.28867
1609;1.28071
1610;1.28325
1611;1.28527
1612;1.28779
1613;1.29212
1614;1.30019
1615;1.31002
1616;1.32065
1617;1.33111
1618;1.34232
1619;1.35381
1620;1.36057
1621;1.36124
1622;1.36809
1623;1.36663
1624;1.36032
1625;1.35093
1626;1.34311
1627;1.33004
1628;1.31771
1629;1.3107
1630;1.29932
1631;1.29512
1632;1.28667
1633;1.28765
1634;1.2873
1635;1.28658
1636;1.28755
1637;1.28858
1638;1.30007
1639;1.30885
1640;1.31925
1641;1.33492
1642;1.34619
1643;1.3616
1644;1.37005
1645;1.3716
1646;1.37531
1647;1.37334
1648;1.36608
1649;1.35
1650;1.34476
1651;1.33095
1652;0.123666
1653;0.0230999
1654;0.0241259
1655;0.0240661
1656;0.0223131
1657;0.023251
1658;0.0229174
1659;0.0236538
1660;0.0234776
1661;0.0250889
1662;0.0261652
1663;0.0253249
1664;0.0249221
1665;0.026974
1666;0.0246829
1667;0.0244941
1668;0.0248151
1669;0.0233863
1670;0.0239937
1671;0.024299
1672;0.0251172
1673;0.0242234
1674;0.0252683
1675;0.0241605
1676;0.0231093
1677;0.0227915
1678;0.023059
1679;0.0236884
1680;0.0235625
1681;0.0241857
1682;0.0246735
1683;0.0256113
1684;0.0271691
1685;0.0252211
1686;0.0248528
1687;0.0254602
1688;0.0246168
1689;0.0240692
1690;0.0246703
1691;0.024557
1692;0.0244217
1693;0.0246923
1694;0.0243997
1695;0.0249315
1696;0.0235846
1697;0.0231408
1698;0.0220393
1699;0.0236412
1700;0.0236538
1701;0.0243493
1702;0.0244941
1703;0.0226027
1704;0.0229268
1705;0.0235468
1706;0.0234429
1707;0.0240912
1708;0.0237325
1709;0.0237262
1710;0.0239024
1711;0.0254225
1712;0.0258285
1713;0.0260645
1714;0.0250731
1715;0.0258568
1716;0.0248843
1717;0.0243997
1718;0.0253973
1719;0.0254728
1720;0.0248025
1721;0.0243178
1722;0.0249599
1723;0.0249158
1724;0.0239905
1725;0.0238332
1726;0.0240975
1727;0.0244248
1728;0.0236286
1729;0.0231723
1730;0.0242392
1731;0.0260582
1732;0.0231597
1733;0.0243304
1734;0.0245381
1735;0.024878
1736;0.0234398
1737;0.0226215
1738;0.0232604
1739;0.0222974
1740;0.0237576
1741;0.0235122
1742;0.0239465
1743;0.0242612
1744;0.0242864
1745;0.0237167
1746;0.0229142
1747;0.0236664
1748;0.02383
1749;0.0229992
1750;0.0237451
1751;0.0249599
1752;0.0235971
1753;0.0254193
1754;0.0236506
1755;0.0253784
1756;0.0232667
1757;0.0241731
1758;0.0237639
1759;0.0247962
